SNP	CHR	BP	A1	A2	BETA	SE	Z	P	N	INFO	SNP_INFO
rs10086906	8	108788369	C	T	-0.0269047980491434	0.0578	-0.465480935106288	0.6421	28757	0.893	
rs10713233	8	103855433	C	CA	0.0503033045092425	0.03	1.67677681697475	0.09402	28757	0.877	
rs112447110	8	103460944	G	C	-0.0603045706055095	0.0796	-0.757595108109416	0.4486	28757	0.86	
rs112472044	8	109410849	T	C	0.0825993063219014	0.0928	0.890078731917041	0.3732	28757	0.87	
rs112513950	8	106403726	A	G	-0.325993332616162	0.2296	-1.41983158804949	0.1556	28757	0.895	
rs11325145	8	109698594	A	AT	0.0661996407142037	0.0687	0.96360466832902	0.3353	28757	0.867	
rs113729785	8	104019095	A	G	-0.0381047060335456	0.1042	-0.36568815771157	0.7146	28757	0.878	
rs114616851	8	107576388	C	T	-0.0849016530863714	0.0968	-0.877083193041027	0.3808	28757	0.887	
rs116702656	8	105543942	C	T	-0.247203768863031	0.0926	-2.66958713674979	0.007601	28757	0.896	
rs117094000	8	100515757	C	A	-0.0185960172820726	0.0977	-0.190337945568809	0.8493	28757	0.847	
rs117104156	8	105680427	C	T	-0.101102463005078	0.1202	-0.841118660607971	0.4005	28757	0.863	
rs117151675	8	102958750	C	T	-0.110503269003482	0.085	-1.3000384588645	0.1937	28757	0.89	
rs117223609	8	100129920	A	G	-0.0419957054520169	0.1245	-0.337314903229052	0.7359	28757	0.873	
rs117371716	8	106807475	T	C	0.0142973047008244	0.0779	0.183534078316103	0.8544	28757	0.841	
rs117378375	8	109586186	G	A	0.0864951466230935	0.1244	0.695298606294964	0.4871	28757	0.89	
rs117395437	8	105368030	A	C	0.0465047776557534	0.2416	0.192486662482423	0.8475	28757	0.82	
rs117429625	8	109197775	G	A	-0.346903357109899	0.2121	-1.63556509717067	0.102	28757	0.835	
rs117461719	8	104871575	T	C	0.364203210359524	0.2563	1.42100355192947	0.1552	28757	0.876	
rs117582595	8	105636266	T	C	-0.0605022613895267	0.1192	-0.507569306959117	0.6119	28757	0.86	
rs117975900	8	102195107	A	C	-0.0326027085440124	0.0828	-0.393752518647493	0.6932	28757	0.896	
rs117982413	8	106064672	T	C	-0.0125990355765152	0.0841	-0.149810173323605	0.8805	28757	0.856	
rs117993188	8	105357938	T	A	0.0985945675055636	0.1748	0.564042148201165	0.5726	28757	0.867	
rs118006969	8	105707805	G	A	0.123603692861948	0.1001	1.23480212649298	0.2169	28757	0.853	
rs118167800	8	105750147	T	A	0.0102018624845967	0.0296	0.344657516371511	0.7297	28757	0.895	
rs12541009	8	102002607	C	A	0.0136020904182857	0.0662	0.20546964378075	0.8374	28757	0.852	
rs13258207	8	103216016	G	A	0.0880009573719162	0.1742	0.505171971136143	0.6133	28757	0.827	
rs138359646	8	101183028	C	CATTT	0.00580312922695012	0.0311	0.186595795078782	0.8512	28757	0.891	
rs138566649	8	106711293	C	T	0.0722051682492376	0.1041	0.693613527850506	0.4879	28757	0.863	
rs138854016	8	103039730	C	G	0.0212951405401588	0.1319	0.161449132222584	0.872	28757	0.887	
rs139442970	8	109091117	A	G	0.122495371290034	0.1065	1.15019127971863	0.25	28757	0.887	
rs140653942	8	107210326	C	CCT	0.0394995204367644	0.1442	0.273921778340946	0.784	28757	0.866	
rs141260515	8	106320087	A	T	-0.183201944221262	0.1076	-1.70262029945411	0.08874	28757	0.822	
rs142920643	8	100929439	G	A	-0.0452983606272869	0.0939	-0.482410656307635	0.6297	28757	0.863	
rs144124843	8	108910245	C	T	0.17910274273862	0.2593	0.690716323712381	0.4896	28757	0.841	
rs144935529	8	104291801	C	T	-0.387701600393817	0.2201	-1.76147932936764	0.07815	28757	0.831	
rs144940179	8	103833122	C	T	-0.0270021387025708	0.0831	-0.324935483785448	0.7457	28757	0.883	
rs145586391	8	102986250	A	G	0.0575020022714588	0.107	0.537401890387465	0.5913	28757	0.855	
rs145829106	8	107314201	A	G	-0.0830995691695741	0.1477	-0.562624029584117	0.5735	28757	0.882	
rs146287810	8	103557098	T	C	0.127799281181876	0.1647	0.775951919744237	0.4378	28757	0.859	
rs148602772	8	104130593	GATTC	G	0.0336958638567256	0.0361	0.933403430934226	0.35	28757	0.845	
rs148900889	8	106055627	T	TTTAC	0.0404027066313724	0.0846	0.477573364437025	0.6333	28757	0.848	
rs150771034	8	103573026	C	A	0.261598557695759	0.1881	1.39074193352344	0.1644	28757	0.835	
rs151265871	8	100629579	C	T	-0.0209000641077417	0.1374	-0.152111092487203	0.8789	28757	0.874	
rs17183567	8	106029978	G	C	-0.10189752642616	0.1282	-0.794832499424024	0.4268	28757	0.82	
rs17282225	8	106310486	G	C	-0.0394995204367644	0.1038	-0.380534878966901	0.7037	28757	0.885	
rs180873132	8	101898968	G	A	0.103395780348239	0.133	0.777411882317589	0.4369	28757	0.842	
rs181276702	8	104818166	A	T	0.422601094054899	0.2553	1.6553117667642	0.09789	28757	0.873	
rs181898348	8	105750500	A	G	0.192296639816033	0.2474	0.777270169021959	0.4369	28757	0.884	
rs1842446	8	109603416	T	C	0.0248974696545107	0.0318	0.782939297311656	0.4326	28757	0.877	
rs184875252	8	103016794	C	G	-0.0425004857321486	0.0894	-0.475396932126942	0.6342	28757	0.818	
rs185172260	8	100018047	G	A	-0.0650009142174121	0.1081	-0.601303554277632	0.5473	28757	0.879	
rs186091253	8	103374437	G	A	0.0411970648503382	0.2487	0.165649637516438	0.8685	28757	0.88	
rs187366132	8	106469091	C	T	-0.0109003744682883	0.2641	-0.0412736632650069	0.9671	28757	0.86	
rs191363674	8	105591228	A	C	0.224598492373963	0.2212	1.01536388957488	0.3098	28757	0.824	
rs199635879	8	103238553	ATT	A	0.0518996105407571	0.2028	0.255915239352846	0.798	28757	0.841	
rs200136404	8	102692174	A	C	-0.00800193021905853	0.0403	-0.198559062507656	0.8421	28757	0.821	
rs201136086	8	106891676	A	G	-0.0349020520092649	0.0834	-0.418489832245382	0.6761	28757	0.838	
rs201883058	8	108529835	GA	G	-0.0346949697968869	0.053	-0.654622071639375	0.512	28757	0.823	
rs2032208	8	103174342	A	G	0.0769998418888678	0.1241	0.620466090965897	0.5352	28757	0.859	
rs281753	8	108635018	C	T	-0.0762980609560639	0.1155	-0.660589272346874	0.5091	28757	0.881	
rs2847729	8	101686315	C	T	-0.0501986955327459	0.0307	-1.63513666230443	0.1017	28757	0.892	
rs28678866	8	108828542	T	A	-0.00909848298525935	0.2042	-0.0445567237280086	0.9644	28757	0.815	
rs3108904	8	101857822	T	A	-0.135299828020483	0.0625	-2.16479724832773	0.03035	28757	0.842	
rs34821554	8	106129110	A	AGT	-0.0335981494309355	0.0474	-0.708821717952226	0.4777	28757	0.869	
rs35142041	8	103704852	A	AC	0.0124027667170427	0.0332	0.373577310754297	0.7089	28757	0.848	
rs35404455	8	108429027	CT	C	0.0244974716003874	0.035	0.699927760011068	0.4834	28757	0.851	
rs35433522	8	102274612	T	TA	-0.0364980230402006	0.0354	-1.03101760000567	0.3026	28757	0.876	
rs4734133m	8	107142923	C	G	0.0274011363479391	0.1012	0.270762216876868	0.7868	28757	0.897	
rs555477926	8	102904401	G	A	0.159898835531947	0.1243	1.28639449341872	0.1983	28757	0.884	
rs55882741	8	103765016	G	A	0.0534007767271153	0.0671	0.795838699360884	0.4265	28757	0.888	
rs56117662	8	101521220	T	C	-0.221798647336155	0.1176	-1.88604291952513	0.05935	28757	0.843	
rs566501423	8	104953083	G	A	0.0960044207338013	0.1815	0.528949976494773	0.5967	28757	0.869	
rs57778378	8	104476625	T	TA	0.0341985075799122	0.0433	0.789803870205824	0.4285	28757	0.845	
rs5893479	8	100128429	A	AT	0.0320024161254944	0.034	0.941247533102775	0.3453	28757	0.855	
rs62518510	8	103026250	G	A	0.0649972930239685	0.118	0.550824517152276	0.5819	28757	0.853	
rs62523289	8	103586515	C	T	0.0698968513822572	0.084	0.8321053735983	0.4055	28757	0.863	
rs62525334	8	104109252	G	A	0.105905108365964	0.0841	1.25927596154535	0.2082	28757	0.865	
rs66466526m	8	108744931	A	ATTT	-0.0048015088161939	0.0621	-0.0773189825474058	0.9388	28757	0.863	
rs68063068	8	109590065	C	T	0.0152050125429676	0.0326	0.466411427698393	0.6401	28757	0.865	
rs72676388	8	108766544	G	C	-0.0827958374084022	0.1026	-0.806976972791444	0.4196	28757	0.832	
rs74792602	8	100367055	G	A	-0.142601385598935	0.1416	-1.00707193219587	0.3141	28757	0.816	
rs75257622	8	101531694	T	C	0.343096126219825	0.1562	2.19651809359683	0.02809	28757	0.887	
rs75656259	8	101775315	G	C	-0.119097726626919	0.192	-0.620300659515204	0.5352	28757	0.841	
rs76630176	8	105834250	G	A	-0.101102463005078	0.1148	-0.880683475653991	0.3785	28757	0.829	
rs76832975	8	106693355	A	G	-0.0274011363479391	0.1129	-0.242702713444987	0.8081	28757	0.83	
rs77000714	8	103997975	C	A	-0.122199933452574	0.1393	-0.877242881928024	0.3804	28757	0.843	
rs77378490	8	100696292	T	C	0.0249999098013234	0.083	0.301203732546065	0.7636	28757	0.882	
rs77485341	8	104089846	C	T	-0.0295976364389436	0.089	-0.332557712797119	0.7392	28757	0.894	
rs77519446	8	102162237	G	A	0.031397792147416	0.1949	0.161096932516244	0.872	28757	0.823	
rs7836467	8	106599492	A	G	-0.132697454733121	0.1538	-0.862792293453323	0.3883	28757	0.842	
rs79270341	8	102100678	C	T	-0.0301023438164435	0.1162	-0.259056315115692	0.7952	28757	0.832	
rs79469886	8	103057565	T	A	0.138595622790347	0.2478	0.559304369613992	0.5758	28757	0.82	
rs79801553	8	107037197	C	T	-0.238497080348057	0.2515	-0.948298530210963	0.343	28757	0.866	
rs79925204	8	104625145	T	A	0.157601627503517	0.1167	1.35048523996158	0.177	28757	0.83	
rs958468	8	103737587	G	A	-0.225596540275276	0.1717	-1.31389947743318	0.1888	28757	0.851	
