SNP	CHR	BP	A1	A2	BETA	SE	Z	P	N	INFO	SNP_INFO
rs10086112	8	105053356	A	G	-0.0152038337422728	0.0224	-0.678742577780035	0.4963	28757	0.996	
rs10086906	8	108788369	C	T	-0.0269047980491434	0.0578	-0.465480935106288	0.6421	28757	0.893	
rs10087648	8	108383059	T	A	0.0376040223973664	0.0277	1.35754593492297	0.1747	28757	1	
rs10089091	8	103001298	A	G	0.0113036461713921	0.033	0.342534732466427	0.7334	28757	0.983	
rs10089878	8	108141257	G	T	0.0244976316004002	0.0231	1.06050353248486	0.2887	28757	1	
rs10101839	8	106319151	A	G	0.0198048272985997	0.0289	0.68528814182006	0.4946	28757	0.975	
rs10102413	8	104249414	A	G	0.0198966317144566	0.0262	0.759413424215902	0.4484	28757	1	
rs10103333	8	109505247	A	T	-0.0129028853555234	0.0228	-0.565916024365061	0.5711	28757	0.991	
rs10104897	8	104596793	A	C	-0.0419957054520169	0.0288	-1.45818421708392	0.1451	28757	1	
rs10105443	8	109706712	C	T	-0.0632001258860912	0.0362	-1.74585983110749	0.08092	28757	1	
rs10106092	8	104605470	T	A	-0.0441986870716702	0.0289	-1.52936633465987	0.1252	28757	1	
rs10106352	8	108754061	T	C	0.0153979421800967	0.0225	0.684352985782074	0.494	28757	0.994	
rs10108219	8	109904216	T	A	0.00239712459972145	0.0234	0.102441222210318	0.9185	28757	0.99	
rs10108329	8	102469255	C	G	-0.038297209932344	0.0263	-1.4561676780359	0.1444	28757	0.982	
rs10112828	8	109349809	C	T	-0.0195967237465575	0.0296	-0.662051477924239	0.5094	28757	0.985	
rs1020060	8	108689911	A	G	0.00250313021811848	0.0223	0.112247991843878	0.9109	28757	0.991	
rs1025856	8	106733869	A	G	0.021203207651103	0.0225	0.942364784493466	0.3445	28757	1	
rs1026610	8	107938778	A	T	0.0178988554877579	0.0267	0.67036911939168	0.5027	28757	0.996	
rs10283169	8	108067796	A	G	-0.00269636154774253	0.0223	-0.1209130738898	0.9042	28757	0.995	
rs1032470	8	104199633	A	G	-0.00939572164036218	0.0284	-0.330835269026837	0.741	28757	0.979	
rs1039613	8	101889617	C	T	-0.0255995183002125	0.0268	-0.955205906724345	0.3387	28757	0.963	
rs10435540	8	109167581	T	C	-0.0295976364389436	0.0269	-1.10028388248861	0.2708	28757	1	
rs10504087	8	107860362	T	C	-0.0166014304974254	0.038	-0.436879749932247	0.6615	28757	0.998	
rs10505109	8	108565871	G	A	-0.0184978548821194	0.0243	-0.761228595971993	0.4468	28757	0.993	
rs10505114	8	108777422	C	T	-0.118698172346595	0.0786	-1.5101548644605	0.1307	28757	1.01	
rs10541475	8	104242426	G	GCTA	-0.0293979151845611	0.0315	-0.933267148716226	0.3514	28757	1	
rs10607577	8	107182930	GGTGTGTGTGT	G	-0.022398994943479	0.0333	-0.672642490795166	0.5026	28757	0.937	
rs10653301m	8	104335569	GATT	G	0.0255020410123433	0.028	0.910787179012262	0.3622	28757	1.01	
rs10713233	8	103855433	C	CA	0.0503033045092425	0.03	1.67677681697475	0.09402	28757	0.877	
rs10808389	8	105374981	A	G	0.0105046326450854	0.0232	0.452785889874372	0.6528	28757	0.99	
rs10808395	8	105826527	G	T	-0.00489798526219193	0.0235	-0.208424904774125	0.8343	28757	0.997	
rs10955234	8	101655077	A	C	-0.0114047182634362	0.0237	-0.481211741073256	0.6293	28757	0.999	
rs10955309	8	104141937	G	A	-0.0515957486436504	0.0294	-1.75495743685886	0.07884	28757	0.99	
rs10955328	8	104811791	T	G	0.0431998193062192	0.0322	1.3416092952242	0.1799	28757	1.01	
rs10955343	8	105201080	C	T	-0.0320992618599997	0.0231	-1.38957843549782	0.1654	28757	0.992	
rs111269517	8	103506358	G	A	-0.0190964956909883	0.0846	-0.225726899420666	0.8213	28757	0.967	
rs111385035	8	109920547	GAAAATAAA	G	0.00880115595306869	0.0276	0.318882462067706	0.7489	28757	0.964	
rs111398688	8	109688075	T	A	-0.146495741116149	0.1017	-1.44046943083725	0.1496	28757	0.993	
rs111808324	8	109704955	C	T	-0.147100169000402	0.1017	-1.44641267453689	0.148	28757	0.993	
rs112152718	8	107772778	T	TATCTC	0.0524026787930484	0.036	1.45562996647357	0.1457	28757	0.986	
rs112447110	8	103460944	G	C	-0.0603045706055095	0.0796	-0.757595108109416	0.4486	28757	0.86	
rs112472044	8	109410849	T	C	0.0825993063219014	0.0928	0.890078731917041	0.3732	28757	0.87	
rs112513950	8	106403726	A	G	-0.325993332616162	0.2296	-1.41983158804949	0.1556	28757	0.895	
rs1125334	8	102754874	C	A	-0.0176956485356892	0.0251	-0.70500591775654	0.4806	28757	1	
rs1125335	8	102754484	G	A	-0.0168003386783461	0.0251	-0.669336202324545	0.5049	28757	1	
rs112801967	8	103523244	G	GT	0.00689616668784134	0.0293	0.235364050779568	0.8142	28757	0.935	
rs11318369	8	109199383	T	TC	0.0161980995687726	0.022	0.736277253126025	0.4621	28757	1.01	
rs11325145	8	109698594	A	AT	0.0661996407142037	0.0687	0.96360466832902	0.3353	28757	0.867	
rs11347410	8	107617860	T	TA	-0.0264979913062282	0.0369	-0.71810274542624	0.4726	28757	0.954	
rs113580989	8	102918660	C	T	0.121602821759249	0.0841	1.44593129321342	0.1481	28757	0.988	
rs113646783	8	109370599	G	A	0.0320992618599997	0.0259	1.23935373976833	0.2144	28757	0.997	
rs113722245	8	108595011	G	A	0.0185000759845861	0.0478	0.387030878338621	0.6985	28757	0.968	
rs113729785	8	104019095	A	G	-0.0381047060335456	0.1042	-0.36568815771157	0.7146	28757	0.878	
rs11373725	8	103728372	TA	T	-0.0151034855773182	0.0314	-0.481002725392301	0.6313	28757	0.985	
rs113782737	8	100384411	C	T	0.0247026126403718	0.0544	0.454092144124482	0.6495	28757	1	
rs113809740	8	102923589	C	CTTTTTTT	-0.157004748810165	0.2286	-0.68680992480387	0.4923	28757	0.969	
rs113847925	8	100315590	T	C	-0.0273038345273452	0.0523	-0.522061845647136	0.6014	28757	0.984	
rs11393142	8	102519472	T	TA	0.176898545479703	0.065	2.72151608430312	0.006492	28757	0.964	
rs11394560	8	108757037	AG	A	-0.0014009809156281	0.0221	-0.0633928016121312	0.9511	28757	1	
rs113975148	8	102435860	A	G	0.0248973835545144	0.0686	0.362935620328198	0.7173	28757	0.982	
rs11409027	8	109815982	TA	T	-0.0144032303107437	0.024	-0.600134596280989	0.5476	28757	0.988	
rs11415326	8	107814827	C	CT	-0.0112025145079934	0.0295	-0.379746254508252	0.7048	28757	0.95	
rs11417740	8	109353740	T	TG	-0.050104527566688	0.0244	-2.05346424453639	0.04009	28757	1	
rs114204244	8	104264893	C	A	0.020498669477346	0.0263	0.779417090393385	0.4339	28757	0.999	
rs114341950	8	101972826	A	T	-0.0507026199737612	0.0626	-0.809946005970625	0.4182	28757	0.953	
rs114616851	8	107576388	C	T	-0.0849016530863714	0.0968	-0.877083193041027	0.3808	28757	0.887	
rs114627841	8	102891372	G	A	0.0820998220832744	0.1409	0.582681491009754	0.5602	28757	1	
rs1148520	8	103186575	T	C	0.00400198137929801	0.0234	0.171024845269146	0.8656	28757	0.989	
rs1156721	8	106663746	G	T	0.000100005000333347	0.0227	0.00440550662261442	0.9959	28757	0.992	
rs1159348	8	105839362	A	C	-0.0178988554877579	0.0258	-0.693754088672786	0.4886	28757	0.994	
rs116010182	8	109331138	T	C	-0.0117012723076411	0.0767	-0.152558960986194	0.8789	28757	0.988	
rs116702656	8	105543942	C	T	-0.247203768863031	0.0926	-2.66958713674979	0.007601	28757	0.896	
rs116973286	8	107459356	A	G	0.0613011005766046	0.1248	0.491194716158691	0.6235	28757	0.943	
rs117094000	8	100515757	C	A	-0.0185960172820726	0.0977	-0.190337945568809	0.8493	28757	0.847	
rs117104156	8	105680427	C	T	-0.101102463005078	0.1202	-0.841118660607971	0.4005	28757	0.863	
rs117151675	8	102958750	C	T	-0.110503269003482	0.085	-1.3000384588645	0.1937	28757	0.89	
rs117162238	8	100841736	G	A	0.0137034650584925	0.0777	0.17636377166657	0.8601	28757	0.937	
rs117201947	8	107746333	G	A	-0.0228958774769045	0.1042	-0.219730110143037	0.8258	28757	0.985	
rs117223609	8	100129920	A	G	-0.0419957054520169	0.1245	-0.337314903229052	0.7359	28757	0.873	
rs117231323	8	103018447	A	T	-0.0497991787524836	0.0701	-0.710401979350693	0.4774	28757	0.975	
rs117371716	8	106807475	T	C	0.0142973047008244	0.0779	0.183534078316103	0.8544	28757	0.841	
rs117378375	8	109586186	G	A	0.0864951466230935	0.1244	0.695298606294964	0.4871	28757	0.89	
rs117395437	8	105368030	A	C	0.0465047776557534	0.2416	0.192486662482423	0.8475	28757	0.82	
rs117429625	8	109197775	G	A	-0.346903357109899	0.2121	-1.63556509717067	0.102	28757	0.835	
rs117432705	8	104946285	T	G	-0.112399682488911	0.0813	-1.38252991991281	0.167	28757	0.949	
rs117461719	8	104871575	T	C	0.364203210359524	0.2563	1.42100355192947	0.1552	28757	0.876	
rs117519053	8	104787710	G	A	-0.0606999130996222	0.1634	-0.371480496325717	0.7101	28757	0.931	
rs117528296	8	108114222	G	A	-0.0411995232473163	0.0767	-0.537151541686002	0.5908	28757	0.946	
rs117582595	8	105636266	T	C	-0.0605022613895267	0.1192	-0.507569306959117	0.6119	28757	0.86	
rs117614087	8	104992847	G	A	0.0171970248285215	0.1563	0.110025750662326	0.9121	28757	0.928	
rs11773987	8	105000259	G	T	-0.0152038337422728	0.028	-0.542994062224028	0.5875	28757	0.998	
rs11778337	8	103128349	G	A	-0.0473033451158665	0.0337	-1.40366009245895	0.1595	28757	0.974	
rs11779204	8	107096218	T	C	0.0641972460452074	0.0381	1.68496708780072	0.09174	28757	0.988	
rs11779981	8	104008724	A	G	-0.00730326611012007	0.0233	-0.313444897430046	0.7553	28757	0.998	
rs11779982	8	103126188	T	A	-0.054497654936202	0.0248	-2.19748608613718	0.02805	28757	0.994	
rs11780744	8	104102680	G	C	0.0149004625639624	0.0268	0.555987409103076	0.5779	28757	0.994	
rs11781252	8	104349410	T	G	-0.0477038600690104	0.022	-2.16835727586411	0.02989	28757	1	
rs11781331	8	107066936	G	A	-0.0385955177593629	0.0221	-1.74640351852321	0.08018	28757	0.999	
rs11781710	8	108141583	A	G	0.0253998626327317	0.0231	1.09956115293211	0.2719	28757	1	
rs11783133	8	107139337	G	A	0.0631954234971474	0.0375	1.68521129325726	0.09228	28757	0.997	
rs117841246	8	106551374	A	C	-0.120197895312104	0.0982	-1.22401115389108	0.2211	28757	0.957	
rs11784155	8	103369992	G	A	-0.00440030444448225	0.0425	-0.103536575164288	0.9169	28757	0.993	
rs117846978	8	104415695	T	C	-0.0407003871263756	0.0743	-0.547784483531301	0.5837	28757	0.929	
rs11785702	8	108409423	C	A	-0.0287040681283551	0.0375	-0.765441816756137	0.4439	28757	1.01	
rs11785860	8	104565387	T	C	-0.0381047060335456	0.0352	-1.08252005777118	0.2792	28757	0.966	
rs117951452	8	109671657	C	G	-0.161999794770657	0.1053	-1.53845958946493	0.1237	28757	0.985	
rs117975900	8	102195107	A	C	-0.0326027085440124	0.0828	-0.393752518647493	0.6932	28757	0.896	
rs117982413	8	106064672	T	C	-0.0125990355765152	0.0841	-0.149810173323605	0.8805	28757	0.856	
rs117985903	8	103437520	G	T	0.0352956263947246	0.0312	1.13127007675399	0.2573	28757	0.986	
rs117993188	8	105357938	T	A	0.0985945675055636	0.1748	0.564042148201165	0.5726	28757	0.867	
rs118006969	8	105707805	G	A	0.123603692861948	0.1001	1.23480212649298	0.2169	28757	0.853	
rs118104610	8	100575153	C	T	0.0197028322758684	0.0745	0.264467547327093	0.792	28757	0.904	
rs118167800	8	105750147	T	A	0.0102018624845967	0.0296	0.344657516371511	0.7297	28757	0.895	
rs11985286	8	100392122	G	A	-0.00109939544330106	0.0493	-0.0223001104117863	0.9826	28757	0.994	
rs11986449	8	100021840	C	T	0.0267033828345498	0.0543	0.491775006161137	0.6229	28757	0.999	
rs11986967	8	101360616	T	C	0.023002541565316	0.0305	0.754181690666099	0.4497	28757	0.998	
rs11987127	8	106877035	T	G	0.0208968257129853	0.044	0.474927857113302	0.6355	28757	0.985	
rs11987421	8	104008466	T	A	-0.0384992991506098	0.0262	-1.46943889887824	0.1414	28757	0.998	
rs11988220	8	107070524	A	G	0.0218980211012161	0.0381	0.574751210005673	0.5652	28757	0.985	
rs11989351	8	108391555	C	T	0.00999983207833353	0.0277	0.361004768170886	0.7183	28757	0.976	
rs11990301	8	107922346	T	C	-0.0152050125429676	0.0302	-0.503477236522106	0.6143	28757	0.988	
rs11992412	8	108762204	T	G	-0.000199980002666245	0.0221	-0.0090488688989251	0.994	28757	1	
rs11993112	8	107108311	G	A	0.0685037054338901	0.0373	1.83656046739652	0.06609	28757	0.996	
rs11993759	8	109323469	T	C	-0.00580312922695012	0.072	-0.080599017040974	0.9353	28757	0.983	
rs11996525	8	101352756	A	G	-0.0134984841513417	0.0221	-0.610791138069761	0.5424	28757	0.999	
rs11996786	8	109666603	C	G	0.0326994961630157	0.0332	0.984924583223365	0.3253	28757	0.935	
rs11996791	8	107108223	T	A	0.0685037054338901	0.0373	1.83656046739652	0.06609	28757	0.996	
rs11996968	8	100435665	T	G	-0.00459940649489556	0.049	-0.093865438671338	0.9256	28757	0.992	
rs11997464	8	109873177	A	C	0.00339575906917989	0.0272	0.124844083425731	0.9015	28757	0.98	
rs11997844	8	106453283	T	C	-0.0266029817945341	0.027	-0.985295622019783	0.3254	28757	0.996	
rs11998224	8	107312350	A	T	0.0322959448008212	0.0319	1.01241206272167	0.311	28757	1	
rs12056480	8	106695271	A	G	-0.000699755114273265	0.0512	-0.0136670920756497	0.9892	28757	0.978	
rs12114121	8	109539789	G	A	-0.0140989243795016	0.0228	-0.618373876293932	0.5349	28757	0.994	
rs12335106	8	104680246	A	C	-0.043595744117646	0.0289	-1.50850325666595	0.1307	28757	1	
rs12541009	8	102002607	C	A	0.0136020904182857	0.0662	0.20546964378075	0.8374	28757	0.852	
rs12541795	8	108872406	C	T	-0.0189002595004805	0.0245	-0.771439163284917	0.4413	28757	0.996	
rs12542414	8	105173235	C	G	0.0170037478161859	0.024	0.708489492341077	0.48	28757	0.985	
rs12542896	8	108284910	T	C	0.00400198137929801	0.0404	0.0990589450321291	0.9218	28757	0.967	
rs12543866	8	104851480	A	T	0.0428970626523952	0.0326	1.31586081755813	0.1885	28757	1.01	
rs12546634	8	103857125	C	A	-0.00750179107032261	0.0331	-0.226640213604913	0.8215	28757	1	
rs12547056	8	106753738	C	A	0.00250313021811848	0.0237	0.10561730878137	0.9167	28757	0.996	
rs12547139	8	107244018	G	A	-0.0331018715051171	0.0232	-1.42680480625505	0.1535	28757	0.987	
rs12549908	8	101654176	A	G	-0.00899938379680061	0.0226	-0.398202822867284	0.6913	28757	0.989	
rs12675124	8	109697678	A	G	0.00759879787533051	0.0225	0.337724350014689	0.7361	28757	1	
rs12675408	8	108685617	T	C	0.000500125041682243	0.0238	0.0210136572135396	0.9831	28757	0.984	
rs12675629	8	105840627	A	G	-0.00459940649489556	0.0236	-0.194890105715914	0.8445	28757	0.995	
rs12676088	8	107641496	A	G	-0.0199006617063362	0.054	-0.368530772339559	0.7126	28757	0.991	
rs12676262	8	100118430	C	T	0.0102968054773682	0.0272	0.378559024903244	0.7049	28757	0.999	
rs12677143	8	109543968	T	C	-0.0131966945943914	0.0228	-0.57880239449085	0.5626	28757	0.993	
rs12680071	8	100850412	G	A	-0.0376040223973664	0.0294	-1.2790483808628	0.2019	28757	0.983	
rs12682484	8	104503796	A	G	-0.0158044491449436	0.0227	-0.696231239865357	0.4868	28757	0.996	
rs12707773	8	103619314	T	C	-0.0152038337422728	0.0231	-0.658174620877609	0.5103	28757	0.997	
rs1283664	8	108409527	C	G	0.0346043046869299	0.0278	1.24475916140036	0.2134	28757	1	
rs1283712	8	108466254	C	T	0.0582028682075395	0.0268	2.17174881371416	0.03001	28757	0.997	
rs1283718	8	108469956	T	G	0.0235962138551867	0.0397	0.594363069400168	0.5525	28757	0.99	
rs13248598	8	104545931	A	G	-0.0437010460710946	0.0288	-1.51739743302412	0.1297	28757	1	
rs13253769	8	100032844	A	G	-0.0169020380753563	0.0222	-0.761353066457491	0.4456	28757	1	
rs13256149	8	109901150	T	C	0.00380276033292786	0.0234	0.162511125338797	0.8695	28757	0.991	
rs13256200	8	105953787	T	G	0.00979784248011106	0.0314	0.312033200003537	0.7548	28757	0.951	
rs13257351	8	109125117	G	A	-0.0352995739869328	0.027	-1.30739162914566	0.1902	28757	0.999	
rs13258207	8	103216016	G	A	0.0880009573719162	0.1742	0.505171971136143	0.6133	28757	0.827	
rs13258304	8	107626905	C	T	-0.0189983824093147	0.054	-0.351821896468791	0.725	28757	0.991	
rs13261611	8	101861569	A	G	-0.0677988255644351	0.0221	-3.06782016128666	0.002163	28757	0.989	
rs13262954	8	105635722	G	A	-0.00259662584726591	0.0422	-0.0615314181816567	0.9501	28757	0.993	
rs13263306	8	104660245	G	A	-0.043595744117646	0.0289	-1.50850325666595	0.1307	28757	1	
rs13263723	8	107360500	A	T	0.0113036461713921	0.0243	0.465170624337123	0.6419	28757	0.978	
rs13263727	8	109509425	T	C	-0.0385017716536664	0.029	-1.32764729840229	0.1839	28757	0.97	
rs13264626	8	104170953	G	A	-0.00600195219563433	0.0225	-0.266753430917082	0.7892	28757	0.996	
rs13269602	8	107130131	C	T	-0.0503043099097479	0.0249	-2.02025341003004	0.04343	28757	0.994	
rs13271522	8	104052016	A	G	0.013399371963117	0.0243	0.551414484078887	0.5807	28757	0.996	
rs13274153	8	108868731	A	C	-0.0476997588774203	0.0457	-1.04375839994355	0.296	28757	0.941	
rs13275465	8	104766933	A	G	-0.0423983514166169	0.0289	-1.46707098327394	0.1425	28757	1	
rs13276185	8	106301902	C	A	-0.0182033098538737	0.0249	-0.731056620637496	0.4633	28757	0.999	
rs13278403	8	106260560	C	T	-0.0263010744193707	0.0247	-1.06482082669517	0.2879	28757	0.999	
rs13280499	8	104838116	C	T	-0.031799009548949	0.0276	-1.15213802713583	0.2486	28757	1	
rs13282360	8	102458379	A	C	-0.0570984120398765	0.0373	-1.53078852653824	0.1261	28757	0.929	
rs1344069	8	105145329	A	G	-0.025696986087186	0.0285	-0.901648634638106	0.3665	28757	0.986	
rs1350764	8	101010228	G	A	-0.00749804017735716	0.0226	-0.331771689263591	0.7392	28757	0.985	
rs1350883	8	108062265	T	C	0.00330453400830047	0.0249	0.132712209168694	0.8939	28757	0.995	
rs1353302	8	108809368	T	A	-0.0590044865764036	0.038	-1.55274964674746	0.1209	28757	0.999	
rs1366966	8	107084000	A	T	0.00999983207833353	0.0252	0.396818733267203	0.6904	28757	0.995	
rs1368493	8	108533278	G	A	0.0408011614039327	0.0384	1.06253024489408	0.2875	28757	0.997	
rs1370798	8	105728054	G	C	-0.0127977582298607	0.0299	-0.428018669895007	0.6681	28757	1	
rs137865883	8	106859139	T	C	0.0329985112635755	0.0447	0.738221728491622	0.4605	28757	0.973	
rs138065860	8	107684557	A	C	0.0361039752308815	0.1413	0.255512917416005	0.7981	28757	0.95	
rs138133571	8	103083074	C	T	-0.0843962939720313	0.1178	-0.716437130492625	0.4736	28757	0.928	
rs138359646	8	101183028	C	CATTT	0.00580312922695012	0.0311	0.186595795078782	0.8512	28757	0.891	
rs138378585	8	103482947	C	A	0.214902601412632	0.1421	1.51233357785103	0.1303	28757	0.908	
rs138566649	8	106711293	C	T	0.0722051682492376	0.1041	0.693613527850506	0.4879	28757	0.863	
rs138580107	8	105538133	G	A	-0.0234039777790161	0.0615	-0.380552484211643	0.7029	28757	0.982	
rs138854016	8	103039730	C	G	0.0212951405401588	0.1319	0.161449132222584	0.872	28757	0.887	
rs139182843	8	104189395	T	TTTG	-0.0451961304529691	0.0289	-1.56387994646952	0.1184	28757	0.942	
rs139442970	8	109091117	A	G	0.122495371290034	0.1065	1.15019127971863	0.25	28757	0.887	
rs140173159	8	108881569	A	AGTTT	-0.00359645951440505	0.0375	-0.0959055870508013	0.9244	28757	0.986	
rs140409921	8	106259512	G	A	-0.0308977113278437	0.1085	-0.284771532975518	0.7761	28757	0.961	
rs140566734	8	105321934	G	A	0.0239996896478807	0.0336	0.714276477615497	0.4745	28757	1	
rs140649290	8	106752680	CTT	C	-0.0143017847108596	0.0227	-0.630034568760337	0.5297	28757	1	
rs140653942	8	107210326	C	CCT	0.0394995204367644	0.1442	0.273921778340946	0.784	28757	0.866	
rs140880650	8	100032598	G	A	0.0617052054366793	0.116	0.531941426178269	0.5947	28757	0.948	
rs140960967	8	108504277	GT	G	0.131396615608664	0.0568	2.31332069733564	0.02065	28757	0.96	
rs140983311	8	108421287	C	CA	-0.0406032684425478	0.0304	-1.33563383034697	0.182	28757	0.981	
rs141260515	8	106320087	A	T	-0.183201944221262	0.1076	-1.70262029945411	0.08874	28757	0.822	
rs141584764	8	103970185	G	A	-0.0318958749835631	0.0562	-0.567542259494004	0.5709	28757	0.954	
rs142100850	8	103521912	T	G	0.0282965991551138	0.0344	0.822575556834703	0.4118	28757	0.973	
rs142138681	8	105402508	CTTAGA	C	-0.013004189135254	0.0271	-0.479859377684651	0.6311	28757	1.01	
rs142321990	8	105071114	C	T	-0.027196791588428	0.0291	-0.934597649086871	0.3508	28757	0.995	
rs142366632	8	100905763	G	A	0.0238010101859522	0.0953	0.249748270576623	0.8025	28757	0.953	
rs142729388	8	101865151	G	A	0.076396066753339	0.0258	2.96108785865655	0.002995	28757	0.99	
rs142920643	8	100929439	G	A	-0.0452983606272869	0.0939	-0.482410656307635	0.6297	28757	0.863	
rs142977637	8	105304578	T	C	0.0243022925229648	0.0333	0.729798574263208	0.4654	28757	0.999	
rs1431008	8	102282121	A	T	0.000500125041682243	0.022	0.022732956440102	0.9811	28757	1	
rs143343375	8	102605704	T	TA	-0.00579676884717745	0.0651	-0.0890440683130177	0.9285	28757	0.982	
rs1434235	8	103843032	A	G	-0.00899938379680061	0.0222	-0.405377648504532	0.6845	28757	1	
rs1434281	8	103671080	G	A	0.00329542394979727	0.0229	0.14390497597368	0.8858	28757	0.997	
rs143587393	8	104803839	A	G	0.0428970626523952	0.0322	1.33220691467066	0.1838	28757	1.01	
rs1438347	8	105808790	A	T	0.0473033451158665	0.0224	2.1117564783869	0.03461	28757	0.986	
rs1438349	8	105724847	G	A	0.00290421314738983	0.0224	0.129652372651332	0.8977	28757	0.999	
rs144124843	8	108910245	C	T	0.17910274273862	0.2593	0.690716323712381	0.4896	28757	0.841	
rs144387302	8	101537242	A	ATTAAAC	-0.0252972953741621	0.0222	-1.13951780964694	0.2537	28757	0.996	
rs144532135	8	103861991	C	CCT	0.0645978943749456	0.0412	1.56791005764431	0.1168	28757	0.909	
rs144543249	8	107078998	C	T	0.0182963622831166	0.039	0.469137494438888	0.6391	28757	0.977	
rs1447081	8	105246459	C	A	0.0124977728299804	0.0261	0.478841870880476	0.6335	28757	0.997	
rs1447082	8	105248610	C	T	0.0122952780941516	0.0261	0.471083451883205	0.6366	28757	0.997	
rs144728154	8	106598924	C	T	-0.0977979917233007	0.0772	-1.26681336429146	0.205	28757	0.917	
rs144935529	8	104291801	C	T	-0.387701600393817	0.2201	-1.76147932936764	0.07815	28757	0.831	
rs144940179	8	103833122	C	T	-0.0270021387025708	0.0831	-0.324935483785448	0.7457	28757	0.883	
rs145165100	8	109945052	G	A	0.0138042809763971	0.0412	0.335055363504783	0.7387	28757	0.995	
rs1453215	8	107572279	A	C	-0.0356997191343252	0.0255	-1.39998898565981	0.1611	28757	0.992	
rs145327709	8	105560916	C	T	-0.0227981362759783	0.0615	-0.370701402861435	0.7106	28757	0.982	
rs145536898	8	102691934	G	A	0.00789872279335535	0.0267	0.295832314357878	0.766	28757	0.999	
rs145586391	8	102986250	A	G	0.0575020022714588	0.107	0.537401890387465	0.5913	28757	0.855	
rs145721847	8	106965989	G	A	0.0338050046123612	0.0983	0.343896282933481	0.7308	28757	0.976	
rs145749063	8	109820926	A	G	0.161695739000298	0.1596	1.01313119674372	0.3112	28757	0.981	
rs145829106	8	107314201	A	G	-0.0830995691695741	0.1477	-0.562624029584117	0.5735	28757	0.882	
rs145874505	8	100715834	A	G	0.0559990861201021	0.0522	1.07277942758816	0.2829	28757	1.01	
rs1460242	8	105923419	A	G	-0.0150019689183474	0.0241	-0.622488336860886	0.5344	28757	0.997	
rs1460244	8	105865627	G	A	0.0887981131587986	0.032	2.77494103621246	0.005579	28757	0.996	
rs1460583	8	106108593	T	C	0.023401696181619	0.0235	0.995816858792296	0.3206	28757	0.994	
rs146086983	8	100959323	A	T	0.140101500018331	0.0737	1.90097014950245	0.0572	28757	0.907	
rs1461996	8	108062077	T	G	0.0146028573839336	0.0271	0.538850825975411	0.5902	28757	1	
rs146287810	8	103557098	T	C	0.127799281181876	0.1647	0.775951919744237	0.4378	28757	0.859	
rs146388039	8	104764497	A	G	-0.0423983514166169	0.0252	-1.68247426256416	0.09281	28757	1	
rs146405682	8	108729784	A	G	-0.0135971385060249	0.0266	-0.511170620527253	0.6085	28757	0.995	
rs146518270	8	103370102	G	A	-0.0110981866660334	0.0696	-0.159456704971744	0.873	28757	0.992	
rs147284620	8	106370520	C	T	0.0121029460677457	0.0748	0.161804091814783	0.8719	28757	0.94	
rs1473528	8	108704414	G	T	0.00150112612626709	0.0236	0.0636070392486056	0.948	28757	1	
rs147416970	8	107202435	CT	C	-0.00920221076479949	0.046	-0.200048060104337	0.8414	28757	0.974	
rs147707969	8	104792080	C	T	0.0437951599996715	0.0323	1.35588730649138	0.1744	28757	1	
rs147732502	8	103086969	G	GT	0.0281986543586787	0.0383	0.73625729396028	0.4613	28757	0.996	
rs147800504	8	100956994	T	C	-0.0720009626887629	0.0576	-1.25001671334658	0.2114	28757	0.939	
rs147866552	8	102195696	G	A	0.124996490174685	0.2079	0.601233718973955	0.5479	28757	0.953	
rs147935478	8	106211954	A	G	0.0370997639570267	0.1324	0.280209697560625	0.7796	28757	0.932	
rs1480561	8	109587774	A	G	-0.0331018715051171	0.0242	-1.36784592996351	0.1725	28757	0.977	
rs1480564	8	109578706	T	A	-0.0218980211012161	0.0238	-0.920084920219165	0.3583	28757	0.988	
rs148483259	8	104550982	G	A	-0.0117012723076411	0.0393	-0.297742297904353	0.7662	28757	1	
rs148510174	8	103853957	A	G	-0.0551035262260241	0.0592	-0.930802807872029	0.3522	28757	0.987	
rs148602772	8	104130593	GATTC	G	0.0336958638567256	0.0361	0.933403430934226	0.35	28757	0.845	
rs148636327	8	105616626	C	A	0.237800440657844	0.1403	1.69494255636382	0.09021	28757	0.958	
rs148740048	8	104574617	G	A	0.0110002818588653	0.0269	0.408932411110236	0.6827	28757	1	
rs148900889	8	106055627	T	TTTAC	0.0404027066313724	0.0846	0.477573364437025	0.6333	28757	0.848	
rs148935672	8	105323110	T	C	0.024097313483794	0.0336	0.71718194892244	0.4726	28757	1	
rs149348340	8	103614360	A	G	0.0467981495486393	0.0564	0.829754424621264	0.407	28757	0.966	
rs149353272	8	109517114	C	A	0.000599820071967549	0.0241	0.0248887996667033	0.9803	28757	1	
rs1494274	8	104196164	G	A	-0.0282958691548473	0.0464	-0.60982476626826	0.5421	28757	0.991	
rs149468991	8	105108916	T	A	0.511692666205342	0.1596	3.20609439978284	0.001342	28757	0.997	
rs1494908	8	108893986	A	G	-0.00440030444448225	0.025	-0.17601217777929	0.8601	28757	0.994	
rs149503936	8	103531136	C	T	0.0344982814075965	0.0358	0.963639145463589	0.3358	28757	0.972	
rs1497632	8	109762304	A	G	0.0145960053074092	0.0235	0.621106608825922	0.5327	28757	0.992	
rs149865008	8	105326897	C	A	0.0331018715051171	0.043	0.76981096523528	0.4418	28757	0.986	
rs150325035	8	103482276	G	A	0.00999983207833353	0.0415	0.240959809116471	0.8102	28757	0.991	
rs1503555	8	107307805	G	A	0.0326988269632397	0.0319	1.02504159759372	0.3054	28757	1	
rs150381418mm	8	102675863	AAATTAATT	A	0.00550482063444496	0.0267	0.206173057469849	0.8378	28757	0.999	
rs150561819	8	104098368	AT	A	0.00390237581724109	0.0283	0.137893138418413	0.8892	28757	0.996	
rs150646692	8	101351134	G	T	0.0720009626887629	0.0597	1.20604627619368	0.2272	28757	0.963	
rs150771034	8	103573026	C	A	0.261598557695759	0.1881	1.39074193352344	0.1644	28757	0.835	
rs151079473	8	104076923	A	AT	-0.0244976316004002	0.0357	-0.686208168078438	0.493	28757	0.993	
rs151265871	8	100629579	C	T	-0.0209000641077417	0.1374	-0.152111092487203	0.8789	28757	0.874	
rs1521057	8	104822054	C	G	0.0435966737180782	0.0322	1.35393396639994	0.1764	28757	1.01	
rs1542812	8	101207064	G	A	0.0149969810059077	0.0222	0.675539684950799	0.4982	28757	1	
rs1548047	8	101340192	A	C	-0.0339955472579582	0.0324	-1.04924528573945	0.2942	28757	0.989	
rs1562402	8	105199576	G	A	-0.0252972953741621	0.0241	-1.04968030598183	0.2924	28757	0.996	
rs1568641	8	104297832	T	G	0.0267033828345498	0.0346	0.77177407036271	0.4395	28757	0.987	
rs1593491	8	104683943	G	A	-0.043595744117646	0.0289	-1.50850325666595	0.1307	28757	1	
rs1593505	8	104699935	T	C	0.0403012967735257	0.0234	1.72227763989426	0.08435	28757	1	
rs1600592	8	109532622	T	C	-0.0128015918372089	0.0228	-0.561473326193373	0.5752	28757	0.994	
rs1672143	8	108392547	A	T	0.0209979909956055	0.0294	0.714217380802908	0.4751	28757	0.919	
rs1672182	8	108388126	C	A	0.0673034452096881	0.0392	1.71692462269613	0.08608	28757	0.979	
rs1681885	8	107690452	G	A	0.0201006717070029	0.0461	0.43602324744041	0.6623	28757	0.981	
rs1681904	8	107754473	G	A	0.0263953113595316	0.0222	1.18897798916809	0.2345	28757	0.999	
rs16867729	8	102482149	C	T	-0.130203360865152	0.0667	-1.95207437578939	0.05113	28757	0.98	
rs16868691	8	102919547	A	G	0.120395194374284	0.084	1.43327612350338	0.1517	28757	0.99	
rs16868711	8	102921933	C	T	0.108398458871277	0.0832	1.30286609220285	0.1926	28757	0.997	
rs16869498	8	103541882	C	T	0.0437011352710986	0.0287	1.52268764010797	0.1274	28757	0.999	
rs16869509	8	103548632	C	T	0.0724954268501865	0.0496	1.46160134778602	0.144	28757	0.985	
rs16869620	8	103595086	T	C	0.143905013052084	0.1787	0.805288265540478	0.4207	28757	0.953	
rs16869658	8	103633762	G	A	0.00510299817590334	0.0275	0.185563570032849	0.8529	28757	0.996	
rs16870210	8	104185250	C	T	0.00460056639556823	0.0265	0.173606279078046	0.8624	28757	0.987	
rs16870270	8	104241766	A	C	-0.120800700145704	0.066	-1.83031363857128	0.06741	28757	0.994	
rs16870588	8	104637282	C	G	-0.0439977464776452	0.0288	-1.52769953047379	0.1273	28757	1	
rs16870616	8	104672724	G	A	-0.043595744117646	0.0289	-1.50850325666595	0.1307	28757	1	
rs16872085	8	105957540	A	G	-0.0489996660319079	0.0474	-1.03374822852126	0.301	28757	0.961	
rs16873161	8	106501425	C	T	-0.0784968981407531	0.0582	-1.34874395430847	0.1774	28757	0.906	
rs16873365	8	106558235	C	T	-0.0469026696862194	0.0365	-1.28500464893752	0.199	28757	0.977	
rs16873928	8	106917036	C	A	0.0536012187552047	0.0378	1.4180216601906	0.1562	28757	0.99	
rs16874228	8	107227569	C	T	0.0386992491392765	0.0343	1.12825799239873	0.2594	28757	0.99	
rs16876511	8	108635344	A	G	0.0660970683749259	0.1138	0.580817824032741	0.5614	28757	0.977	
rs16892348	8	103074765	C	T	-0.0800027068735152	0.0939	-0.851999008237648	0.3944	28757	0.968	
rs16898296	8	101384198	T	C	0.131396530208668	0.1418	0.92663279413729	0.3539	28757	0.984	
rs16898906	8	102028996	A	G	-0.0439020462871288	0.0481	-0.912724455033862	0.361	28757	0.994	
rs1692004	8	101247320	T	C	0.0298985503458634	0.0241	1.24060374879101	0.2134	28757	1	
rs1693589	8	101670550	T	G	0.00950503001430495	0.0272	0.349449632878859	0.7281	28757	0.996	
rs17183567	8	106029978	G	C	-0.10189752642616	0.1282	-0.794832499424024	0.4268	28757	0.82	
rs17185155	8	103282012	T	C	0.0404991299799539	0.0545	0.743103302384476	0.4577	28757	1.01	
rs17194372	8	106129890	A	G	-0.0106035827841911	0.0496	-0.213781910971595	0.8311	28757	0.983	
rs17251771	8	107366712	A	G	-0.0133998200630165	0.0435	-0.308041840529116	0.7573	28757	0.974	
rs17282225	8	106310486	G	C	-0.0394995204367644	0.1038	-0.380534878966901	0.7037	28757	0.885	
rs17366086	8	101959594	A	C	-0.0161980995687726	0.0459	-0.352899772740143	0.7243	28757	1	
rs17366941	8	102012074	C	G	-0.0473987203698754	0.0298	-1.59056108623743	0.1116	28757	0.975	
rs17396518	8	108690829	T	G	0.00200200267067308	0.0224	0.0893751192264768	0.927	28757	0.986	
rs17401898	8	108915075	C	A	-0.0136957831289865	0.0252	-0.543483457499465	0.5857	28757	0.993	
rs17414701	8	103067638	T	C	0.028399474521698	0.0513	0.55359599457501	0.5799	28757	0.976	
rs17776569	8	103890807	T	G	-0.0087020272939009	0.0284	-0.306409411757074	0.7578	28757	1	
rs17817675	8	105001724	A	G	-0.0172012073197748	0.0279	-0.616530728307342	0.5378	28757	0.999	
rs1786334	8	101752155	C	T	-0.0407003871263756	0.0294	-1.3843669090604	0.1668	28757	0.973	
rs1788180	8	101333368	A	G	-0.0350002811846215	0.0224	-1.56251255288489	0.1193	28757	1.01	
rs1788184	8	101335106	A	G	-0.0360040066341877	0.0224	-1.60732172474052	0.109	28757	1.01	
rs1788208	8	101312515	T	C	-0.0341018649449722	0.0225	-1.51563844199876	0.1293	28757	1.01	
rs1789975	8	107445448	A	G	0.0226035462098532	0.0243	0.930187086825234	0.3523	28757	0.997	
rs180873132	8	101898968	G	A	0.103395780348239	0.133	0.777411882317589	0.4369	28757	0.842	
rs181276702	8	104818166	A	T	0.422601094054899	0.2553	1.6553117667642	0.09789	28757	0.873	
rs181640861	8	104488407	C	T	-0.340599422346973	0.2072	-1.64381960592168	0.1003	28757	0.937	
rs181898348	8	105750500	A	G	0.192296639816033	0.2474	0.777270169021959	0.4369	28757	0.884	
rs1822238	8	106718952	T	C	0.0259025943231108	0.0241	1.07479644494236	0.2814	28757	0.993	
rs183616546	8	104563979	G	A	0.129505222820239	0.0923	1.4030901714002	0.1606	28757	0.924	
rs1842446	8	109603416	T	C	0.0248974696545107	0.0318	0.782939297311656	0.4326	28757	0.877	
rs184875252	8	103016794	C	G	-0.0425004857321486	0.0894	-0.475396932126942	0.6342	28757	0.818	
rs185172260	8	100018047	G	A	-0.0650009142174121	0.1081	-0.601303554277632	0.5473	28757	0.879	
rs186091253	8	103374437	G	A	0.0411970648503382	0.2487	0.165649637516438	0.8685	28757	0.88	
rs186985200	8	108499762	C	T	0.224394333215862	0.2472	0.90774406640721	0.3639	28757	0.913	
rs187085050	8	104933122	G	C	0.0172987645783295	0.0773	0.22378738134967	0.8231	28757	0.95	
rs187182623	8	106889954	T	C	0.019203206984436	0.0601	0.319520914882462	0.7487	28757	0.946	
rs187265406	8	100282176	A	G	0.18679956813754	0.1412	1.32294311712139	0.1859	28757	0.936	
rs187366132	8	106469091	C	T	-0.0109003744682883	0.2641	-0.0412736632650069	0.9671	28757	0.86	
rs188545397	8	104396494	G	A	-0.00239712459972145	0.197	-0.012168145176251	0.9905	28757	0.972	
rs1892740	8	101538742	G	C	0.0400953305639421	0.0235	1.70618427931669	0.08733	28757	0.99	
rs1893534	8	103049958	C	T	0.0182963622831166	0.0277	0.66051849397533	0.5088	28757	0.999	
rs1893888	8	109404885	A	T	-0.0194988734340555	0.0231	-0.84410707506734	0.4003	28757	0.997	
rs1898419	8	108800416	G	A	0.0125990355765152	0.0222	0.56752412506825	0.5696	28757	0.995	
rs190022457	8	103358114	C	A	0.0465047776557534	0.0834	0.557611242874741	0.5768	28757	0.96	
rs191363674	8	105591228	A	C	0.224598492373963	0.2212	1.01536388957488	0.3098	28757	0.824	
rs192131945	8	106752868	G	A	-0.055302247784655	0.1337	-0.413629377596522	0.679	28757	0.934	
rs1947714	8	108063441	C	T	0.0146028573839336	0.0271	0.538850825975411	0.5912	28757	0.998	
rs199635879	8	103238553	ATT	A	0.0518996105407571	0.2028	0.255915239352846	0.798	28757	0.841	
rs199887366	8	100435662	TG	T	0.00459940649489556	0.049	0.093865438671338	0.9256	28757	0.992	
rs200136404	8	102692174	A	C	-0.00800193021905853	0.0403	-0.198559062507656	0.8421	28757	0.821	
rs200191813	8	109179993	A	G	-0.0136957831289865	0.0221	-0.619718693619299	0.5336	28757	1	
rs200269791	8	105972523	C	T	-0.0437010460710946	0.0379	-1.153061901612	0.249	28757	0.944	
rs200334299	8	108852571	A	AT	0.0389995348490096	0.0961	0.405822422986573	0.6851	28757	0.958	
rs200499086	8	106807836	T	TAA	0.0226026252094292	0.0421	0.536879458656275	0.5916	28757	0.991	
rs200507824	8	107500835	G	T	0.0239956055562207	0.1368	0.175406473364186	0.8607	28757	0.994	
rs200540748	8	106546504	T	TTCCC	-0.0388967656299467	0.0293	-1.32753466313811	0.1837	28757	0.94	
rs200554797	8	109935985	T	G	0.0548047153744336	0.0541	1.01302616218916	0.3107	28757	0.997	
rs200660410	8	103901141	C	CCT	-0.00739729263047472	0.0385	-0.192137470921421	0.8471	28757	0.999	
rs200766147	8	104891649	AT	A	-0.0306035477981776	0.0779	-0.392856839514475	0.6943	28757	0.954	
rs200861099	8	104765148	T	C	0.0240980393840575	0.029	0.830966875312328	0.4059	28757	0.989	
rs200932878	8	108355885	T	TAAGA	0.000499875041650993	0.1005	0.00497388101145266	0.9964	28757	0.92	
rs201136086	8	106891676	A	G	-0.0349020520092649	0.0834	-0.418489832245382	0.6761	28757	0.838	
rs201231695	8	107314813	C	CA	0.00679684900027275	0.0307	0.221395732907907	0.826	28757	0.906	
rs201266653	8	104112598	A	AGAAAGAAAACG	0.0255020410123433	0.0303	0.841651518559186	0.4006	28757	0.99	
rs201721130	8	106892003	T	TA	-0.0628013642021005	0.0424	-1.48116425004954	0.1389	28757	0.998	
rs201883058	8	108529835	GA	G	-0.0346949697968869	0.053	-0.654622071639375	0.512	28757	0.823	
rs201952270	8	108625253	T	TA	-0.0399994162638657	0.1235	-0.323881913067738	0.7458	28757	0.963	
rs202124889	8	102906610	T	G	-0.00289580311202547	0.0261	-0.110950310805573	0.911	28757	0.991	
rs202209510	8	100686032	A	T	-0.0377966226945664	0.0355	-1.06469359703004	0.2866	28757	0.966	
rs2023268	8	102990280	T	G	0.0259025943231108	0.037	0.700070116840831	0.4831	28757	0.989	
rs2032208	8	103174342	A	G	0.0769998418888678	0.1241	0.620466090965897	0.5352	28757	0.859	
rs2043697	8	108760809	A	T	-0.000399920021326891	0.0221	-0.0180959285668277	0.9869	28757	1	
rs2047853	8	107300316	T	C	-0.0112959597418516	0.0222	-0.50882701539872	0.6117	28757	0.995	
rs2121552	8	105171152	G	C	0.0138961051921114	0.0239	0.581426995485831	0.5592	28757	0.991	
rs2121553	8	105193616	G	T	-0.0183982139464423	0.0262	-0.702221906352761	0.4822	28757	0.994	
rs2131860	8	104328309	A	G	0.0143017847108596	0.0314	0.45547085066432	0.6496	28757	1	
rs2132853	8	101732348	T	G	0.0226035462098532	0.0326	0.693360313185681	0.4888	28757	0.975	
rs2135125	8	101895865	C	G	0.00789872279335535	0.0259	0.304969992021442	0.7604	28757	0.959	
rs2154636	8	101492039	C	T	-0.0077995046323818	0.0265	-0.294320929523841	0.7695	28757	0.972	
rs2156739	8	109410331	A	C	-0.0182963622831166	0.0231	-0.792050315286435	0.429	28757	0.996	
rs2201458	8	108886806	A	T	-0.00459940649489556	0.025	-0.183976259795822	0.8529	28757	0.995	
rs2226406	8	107382656	G	A	0.0122041688389067	0.0499	0.244572521821778	0.8072	28757	0.998	
rs2254983	8	108087839	C	T	-0.00960373614269469	0.039	-0.246249644684479	0.8045	28757	0.974	
rs2304501	8	104443283	G	A	0.035596090043474	0.0267	1.33318689301401	0.1836	28757	0.998	
rs2305290	8	100831294	T	A	0.0372969647443931	0.0326	1.14407867314089	0.2532	28757	0.986	
rs2343593	8	106590851	T	C	0.000299955008997942	0.0241	0.0124462659335246	0.9886	28757	0.962	
rs2348085	8	108908366	T	C	-0.00760103877281976	0.0249	-0.305262601318063	0.7617	28757	0.989	
rs2348801	8	109167337	C	T	-0.0158044491449436	0.022	-0.718384052042891	0.472	28757	1.01	
rs2388191	8	103637374	T	C	0.0335050785573982	0.022	1.52295811624537	0.1287	28757	1	
rs2388532	8	104346691	T	A	-0.0477038600690104	0.022	-2.16835727586411	0.02987	28757	1	
rs2436874	8	103799178	A	T	0.0017983819413794	0.0282	0.063772409268773	0.9495	28757	0.957	
rs2436892	8	103575929	T	C	0.043595744117646	0.0355	1.22804913007454	0.2199	28757	0.922	
rs2436904	8	103561717	A	T	0.00659818402822712	0.0221	0.298560363268196	0.7648	28757	1	
rs2436965	8	103650415	A	G	0.0356952753244514	0.0312	1.14407933732216	0.2524	28757	0.997	
rs2441696	8	102143941	C	T	0.0274984287018097	0.0222	1.23866795954098	0.2152	28757	1	
rs2441705	8	102128576	G	A	0.0397974698740661	0.0595	0.66886503990027	0.5039	28757	0.973	
rs2441823	8	105282224	G	A	-0.00690377631679446	0.0231	-0.298864775618808	0.7638	28757	1	
rs2441848	8	105306337	A	T	-0.00470103255864902	0.0235	-0.200043938665916	0.8423	28757	0.996	
rs2441854	8	105314006	A	G	-0.0238044133801613	0.0336	-0.708464683933372	0.4777	28757	0.998	
rs2441886	8	105191558	C	T	-0.028399474521698	0.0241	-1.1784014324356	0.2395	28757	0.993	
rs2441897	8	105200734	C	T	-0.0160988945897493	0.0261	-0.616815884664724	0.537	28757	0.997	
rs2441902	8	105208527	G	A	-0.0113036461713921	0.0232	-0.487226128077245	0.6262	28757	0.999	
rs2441911	8	105220156	T	G	-0.0169020380753563	0.0222	-0.761353066457491	0.4456	28757	1	
rs2443783	8	109027706	G	A	-0.00930314032614447	0.0224	-0.415318764560021	0.6785	28757	0.996	
rs2445361	8	108348135	G	T	-0.0190964956909883	0.0371	-0.514730342075157	0.6062	28757	0.991	
rs2449834	8	107802958	T	C	0.0114047182634362	0.0231	0.493710747334899	0.622	28757	0.994	
rs2449839	8	107846295	C	G	0.0247026126403718	0.0263	0.939262838036951	0.347	28757	0.997	
rs2454003	8	104136367	G	T	-0.0206007457079636	0.0326	-0.631924714968209	0.5271	28757	1	
rs2454021	8	104113644	G	A	0.00780034373273389	0.0246	0.317087143607069	0.7512	28757	0.993	
rs2458286	8	103978699	C	T	-0.00290421314738983	0.0252	-0.11524655346785	0.908	28757	0.984	
rs2469663	8	101610261	T	C	0.0048015088161939	0.0281	0.170872199864552	0.865	28757	0.949	
rs2507784	8	101603709	T	A	0.00510299817590334	0.0252	0.202499927615212	0.8408	28757	0.983	
rs2511583	8	105247785	A	G	0.0123965203365513	0.0261	0.474962465001965	0.6342	28757	0.997	
rs2511606	8	105295695	T	A	-0.00780034373273389	0.0229	-0.340626363874843	0.7336	28757	0.999	
rs2511665	8	103638676	C	T	0.0239956055562207	0.0224	1.07123239090271	0.2833	28757	0.998	
rs2511709	8	103570294	T	C	-0.00849598892126432	0.031	-0.274064158750462	0.7828	28757	1	
rs2511748	8	103585093	C	T	-0.0172994970780611	0.022	-0.786340776275507	0.4324	28757	0.996	
rs2514632	8	105311519	C	G	-0.0111013930711739	0.0232	-0.478508322033358	0.6311	28757	1	
rs2514653	8	105329096	T	C	-0.0170952954286372	0.023	-0.743273714288575	0.4571	28757	0.99	
rs2514887	8	108345388	C	T	0.0312017511432645	0.0257	1.21407591997138	0.2247	28757	0.989	
rs2514888	8	108347114	T	C	-0.0183996828453635	0.0371	-0.495948324672871	0.6201	28757	0.991	
rs2515171	8	104120730	G	C	0.0139975096438537	0.0247	0.566700795297719	0.5706	28757	0.988	
rs2570944	8	103873661	A	G	-0.00420116274454803	0.0222	-0.189241565069731	0.8505	28757	0.999	
rs2570951	8	103887097	C	T	-0.00770027662618795	0.0282	-0.27305945482936	0.7837	28757	1	
rs2597654	8	109221090	A	G	-0.0183996828453635	0.022	-0.836349220243797	0.4036	28757	1.01	
rs2615084	8	108076944	G	T	0.000999500333083423	0.0249	0.0401405756258403	0.9691	28757	0.992	
rs2669449	8	105372173	A	C	0.0381047060335456	0.0243	1.56809489849982	0.118	28757	0.994	
rs2679738	8	104001079	G	C	0.00460056639556823	0.0223	0.206303425810234	0.8376	28757	0.992	
rs281740	8	108614680	C	T	-0.0312951579807101	0.0265	-1.18094935776264	0.2376	28757	0.985	
rs281753	8	108635018	C	T	-0.0762980609560639	0.1155	-0.660589272346874	0.5091	28757	0.881	
rs28362051	8	109981324	C	T	-0.107301630474872	0.0643	-1.66876563724528	0.09508	28757	0.991	
rs28368512	8	109984526	C	T	-0.0957010125101811	0.0642	-1.4906699767941	0.1363	28757	0.976	
rs28372883	8	104032711	G	A	-0.00950468701424605	0.0391	-0.24308662440527	0.8087	28757	0.998	
rs2844277	8	108181407	T	A	0.0226026252094292	0.0244	0.926337098747098	0.3558	28757	0.988	
rs28445282	8	104117771	C	T	-0.0301993737308422	0.0259	-1.1659989857468	0.2442	28757	1.01	
rs284483	8	105949990	A	C	-0.0212951405401588	0.0242	-0.879964485130529	0.3788	28757	0.986	
rs284489	8	105958020	A	G	0.00409838692616339	0.0235	0.174399443666527	0.8605	28757	0.991	
rs28452629	8	108133815	A	G	0.0232993336544035	0.0231	1.00862916252829	0.3133	28757	1	
rs28459406	8	103537383	G	A	-0.00199800266267306	0.0309	-0.0646602803454064	0.9471	28757	0.972	
rs28469577	8	102676942	C	T	0.0349020520092649	0.033	1.05763793967469	0.2905	28757	0.996	
rs2847729	8	101686315	C	T	-0.0501986955327459	0.0307	-1.63513666230443	0.1017	28757	0.892	
rs28480468	8	105127548	G	A	0.0418016408837633	0.0422	0.990560210515719	0.322	28757	0.976	
rs28481410	8	108999791	G	T	0.0132980281439898	0.089	0.149416046561683	0.8813	28757	0.986	
rs28522837	8	109901257	G	A	0.00750179107032261	0.0227	0.330475377547252	0.7418	28757	0.99	
rs2853170	8	105450786	A	G	0.113498313776424	0.0753	1.50728172345848	0.1317	28757	0.988	
rs285778	8	106111956	C	T	0.0161980995687726	0.0386	0.419639885201361	0.6739	28757	0.963	
rs285817	8	106107106	C	T	0.0374980764200844	0.0328	1.14323403719769	0.2535	28757	0.997	
rs285830	8	106099416	A	G	0.0182033098538737	0.0332	0.548292465478122	0.5829	28757	0.998	
rs285842	8	106053812	G	A	-0.00720398884850252	0.0223	-0.323048827287109	0.7459	28757	1	
rs285859	8	106070639	T	C	0.0288983900426488	0.034	0.8499526483132	0.3946	28757	1	
rs285870	8	106060970	G	A	-0.00859684722551828	0.0271	-0.317226834889973	0.75	28757	0.995	
rs28587716	8	101654179	T	C	-0.00899938379680061	0.0226	-0.398202822867284	0.6917	28757	0.989	
rs28678866	8	108828542	T	A	-0.00909848298525935	0.2042	-0.0445567237280086	0.9644	28757	0.815	
rs28709120	8	104141867	T	C	-0.0179970767016546	0.0301	-0.597909524971913	0.55	28757	0.989	
rs28754823	8	104584344	G	A	-0.0439977464776452	0.0288	-1.52769953047379	0.1268	28757	1	
rs28777384	8	101658627	C	G	-0.194299533553362	0.1085	-1.79077911109089	0.07317	28757	0.975	
rs28790965	8	102395333	T	C	-0.0366983037826737	0.0261	-1.40606527902964	0.1597	28757	1	
rs28793141	8	101651962	C	T	-0.00929665190509457	0.0235	-0.395602208727428	0.693	28757	0.994	
rs28842593	8	103044620	T	C	-0.0800027068735152	0.0365	-2.19185498283603	0.02844	28757	0.965	
rs28876969	8	107258644	C	T	0.0259025943231108	0.0414	0.625666529543738	0.5316	28757	0.986	
rs29000269	8	103226044	C	T	0.0122952780941516	0.0532	0.231114249890068	0.8169	28757	1.01	
rs2916561	8	103883316	G	A	-0.00929665190509457	0.023	-0.404202256743242	0.6856	28757	0.997	
rs2919470	8	101233301	C	A	0.0387013475370749	0.0257	1.5058890092247	0.1324	28757	0.994	
rs2927131	8	108052152	C	A	0.0173977771764203	0.0272	0.639624160897807	0.522	28757	1	
rs2929061	8	106386493	C	T	-0.0394999521368577	0.022	-1.79545236985717	0.07236	28757	1	
rs2930484	8	107812410	C	A	-0.0032048589489113	0.0224	-0.143074060219254	0.8873	28757	0.998	
rs2930490	8	107837939	G	A	0.0440981887217984	0.0445	0.990970533074122	0.3216	28757	1	
rs2930495	8	107846022	A	G	-0.0136957831289865	0.0224	-0.611418889686898	0.5404	28757	0.996	
rs2938302	8	107308858	T	C	-0.0171970248285215	0.0221	-0.778145919842602	0.4361	28757	0.991	
rs2957418	8	106273257	G	C	-0.0497050825796673	0.022	-2.25932193543942	0.02372	28757	0.995	
rs2957435	8	106298549	A	G	0.000400080021339691	0.0238	0.0168100849302391	0.9865	28757	0.991	
rs2957437	8	106299441	G	A	-0.00699547451238644	0.0246	-0.284368882617335	0.7765	28757	0.988	
rs2957479	8	106267442	T	C	-0.04149696667529	0.0258	-1.60840956105775	0.1077	28757	0.991	
rs2978086	8	101766275	C	T	-0.0333960906184285	0.0305	-1.09495379076815	0.2739	28757	0.967	
rs3018921	8	107835942	A	T	-0.00980180497226026	0.0228	-0.42990372685352	0.6657	28757	0.999	
rs3018956	8	103847595	T	C	-0.00960373614269469	0.0222	-0.432600727148409	0.6642	28757	1	
rs3019381	8	109633256	A	G	0.0307994715535284	0.0266	1.1578748704334	0.2461	28757	0.997	
rs3019391	8	109647952	C	T	0.0313049258284153	0.0266	1.17687691084268	0.2391	28757	0.997	
rs3019402	8	109656278	T	A	0.0486021818392175	0.0283	1.71739158442465	0.08613	28757	0.99	
rs3019929	8	108076058	A	G	0.0166014304974254	0.027	0.61486779620094	0.5378	28757	0.996	
rs3019960	8	108016132	C	A	0.0114047182634362	0.0273	0.417755247744915	0.6771	28757	1	
rs3019965	8	108023634	C	T	0.0173977771764203	0.0271	0.641984397653887	0.521	28757	1	
rs3029275	8	108014516	TAAAC	T	0.0112959597418516	0.0273	0.413771419115442	0.6799	28757	0.999	
rs3029410	8	102651532	AGT	A	0.121403141824538	0.0783	1.55048712419588	0.1209	28757	0.989	
rs3036673	8	102226177	ACT	A	0.0315955615897506	0.0245	1.28961475876533	0.1965	28757	0.999	
rs3066068	8	106137498	ATTTT	A	-0.0235962138551867	0.0244	-0.9670579448847	0.334	28757	1.01	
rs3066290	8	105999162	AAT	A	0.0110981866660334	0.0247	0.449319298219976	0.653	28757	0.998	
rs3066838	8	107090629	G	GCTTA	-0.0322029950400999	0.0223	-1.44408049507174	0.1482	28757	1.01	
rs3098215	8	104453603	G	A	0.035596090043474	0.0268	1.328212315055	0.1844	28757	1	
rs3101527	8	107642515	A	T	-0.0195967237465575	0.0235	-0.833903138151382	0.404	28757	0.997	
rs3103716	8	100428148	C	T	-0.00929665190509457	0.0272	-0.341788672981418	0.7326	28757	0.999	
rs3104199	8	101184109	A	G	0.0147014028528927	0.0222	0.662225353733906	0.5066	28757	1	
rs3105456	8	101924754	C	G	0.0253998626327317	0.0285	0.891223250271289	0.3742	28757	0.958	
rs3108904	8	101857822	T	A	-0.135299828020483	0.0625	-2.16479724832773	0.03035	28757	0.842	
rs3108916	8	101853569	A	G	-0.0961007762914555	0.0455	-2.11210497343858	0.03488	28757	0.993	
rs3108919	8	101841546	T	C	-0.044600447168905	0.0251	-1.77691024577311	0.0759	28757	0.982	
rs3110408	8	100407924	G	C	-0.00960373614269469	0.0272	-0.353078534657893	0.7235	28757	0.999	
rs3110435	8	107621361	A	G	-0.00609855846186947	0.0221	-0.275952871577804	0.7814	28757	0.996	
rs3110460	8	104779368	A	C	0.023003381764963	0.0266	0.864788788156502	0.3868	28757	1.01	
rs3116089	8	101057587	C	A	-0.00149887612373595	0.0301	-0.0497965489613272	0.9608	28757	0.995	
rs3132806	8	107688137	G	A	-0.0377003271828256	0.0269	-1.4014991517779	0.162	28757	0.998	
rs3133550	8	101739003	G	C	0.0396039865931634	0.0328	1.20743861564522	0.2271	28757	0.986	
rs3133575	8	101725251	G	C	0.0416035498550752	0.0326	1.27618251089188	0.2013	28757	0.99	
rs3133833	8	104280099	A	T	0.0363994293800054	0.022	1.65451951727297	0.0987	28757	1	
rs3134124	8	107601313	A	G	-0.0321960982163169	0.0234	-1.37590163317594	0.1681	28757	0.989	
rs3134156	8	100479917	T	C	-0.017496047616751	0.0298	-0.587115691837282	0.557	28757	0.998	
rs3134174	8	100354751	T	C	0.0103957761821204	0.0272	0.382197653754427	0.7021	28757	0.999	
rs3134183	8	100428657	T	A	-0.0166997792224134	0.0298	-0.560395275919914	0.5768	28757	0.999	
rs3134186	8	100437282	A	G	-0.0154007965760229	0.0267	-0.576808860525202	0.5659	28757	0.995	
rs3134373	8	101915310	G	A	0.048896169787829	0.0247	1.97960201570158	0.04755	28757	0.986	
rs3134530	8	105499710	C	A	0.0122041688389067	0.0233	0.523784070339345	0.5989	28757	0.995	
rs34017313	8	109365916	G	GA	0.0259990758686168	0.0246	1.0568730027893	0.2908	28757	0.998	
rs34176566	8	104173508	CT	C	0.00449986042489221	0.0294	0.15305647703715	0.8792	28757	0.975	
rs34214786	8	109505979	A	T	-0.00309520490730252	0.0415	-0.074583250778374	0.9408	28757	1.01	
rs34229650	8	101433167	T	C	0.019294956182969	0.0224	0.861381972453975	0.3896	28757	0.996	
rs34297576	8	109273750	A	G	0.027196494688472	0.0767	0.354582720840573	0.7231	28757	0.996	
rs34308795	8	104665925	TCTC	T	0.043595744117646	0.0289	1.50850325666595	0.1307	28757	1	
rs34364728	8	106534978	C	CA	0.00699547451238644	0.0302	0.231638228886968	0.8169	28757	0.966	
rs34383333	8	101136356	AT	A	-0.00700447415288304	0.0325	-0.21552228162717	0.8306	28757	0.967	
rs34397009	8	106490696	C	G	0.0356997191343252	0.0342	1.04385143667617	0.2958	28757	0.985	
rs34398341	8	108451548	C	T	-0.0996009612214811	0.0888	-1.12163244618785	0.2616	28757	0.93	
rs34486085	8	109337766	A	AT	0.029403450369242	0.0235	1.2512106540103	0.212	28757	0.992	
rs34528564	8	108586541	C	CT	0.0192044091837133	0.0246	0.780667039988345	0.4351	28757	0.993	
rs34537184mm	8	102157354	G	GCA	-0.0403012967735257	0.0376	-1.0718429992959	0.2841	28757	0.954	
rs34605915m	8	101359261	G	GTGTT	-0.0231969816042026	0.0305	-0.760556773908283	0.4456	28757	0.998	
rs34733002	8	105592129	CT	C	0.0178006246255066	0.0408	0.436289819252613	0.6639	28757	0.989	
rs34779801	8	103241822	G	GT	0.0125015292229252	0.0221	0.565680055335983	0.5708	28757	0.984	
rs34805714	8	104018101	C	T	-0.0338022134084658	0.0265	-1.27555522296097	0.2008	28757	0.992	
rs34817625	8	105923452	G	GT	-0.0125990355765152	0.0238	-0.529371242710721	0.5963	28757	0.997	
rs34821554	8	106129110	A	AGT	-0.0335981494309355	0.0474	-0.708821717952226	0.4777	28757	0.869	
rs34873543	8	109178612	T	TA	0.0161980995687726	0.022	0.736277253126025	0.4626	28757	1.01	
rs34931403	8	109302341	C	T	-0.0193025022544974	0.0769	-0.251007831657964	0.8016	28757	0.996	
rs35018432	8	100194295	C	T	-0.0202045073158995	0.0298	-0.678003601204681	0.4983	28757	0.997	
rs35095319	8	107703847	CAT	C	0.0407003871263756	0.0347	1.17292181920391	0.2417	28757	0.955	
rs35107696	8	109712249	AT	A	-0.00589735526608398	0.0263	-0.224234040535513	0.8216	28757	0.994	
rs35137731	8	108622214	T	TA	0.0147999386115992	0.0235	0.62978462177018	0.5281	28757	0.998	
rs35142041	8	103704852	A	AC	0.0124027667170427	0.0332	0.373577310754297	0.7089	28757	0.848	
rs35322733	8	108355461	G	A	-0.055500929860874	0.067	-0.828372087475731	0.4073	28757	0.904	
rs35404455	8	108429027	CT	C	0.0244974716003874	0.035	0.699927760011068	0.4834	28757	0.851	
rs35422243	8	106894495	C	T	-0.0406043708419401	0.0979	-0.414753532604086	0.6785	28757	0.928	
rs35433522	8	102274612	T	TA	-0.0364980230402006	0.0354	-1.03101760000567	0.3026	28757	0.876	
rs35450967	8	105474842	A	G	0.0534007767271153	0.0275	1.94184642644056	0.05208	28757	0.981	
rs35465599	8	104669542	C	T	-0.0275957115907991	0.07	-0.39422445129713	0.6934	28757	0.922	
rs35472044	8	108875163	C	CT	0.00990082467726243	0.0294	0.336762744124573	0.7365	28757	0.949	
rs35472498	8	101894167	G	A	-0.042503779526724	0.026	-1.63476075102785	0.1028	28757	0.986	
rs35689024	8	106346022	GA	G	0.0358014124633833	0.0309	1.15862176256904	0.2464	28757	0.986	
rs35692918	8	104629306	A	T	-0.043203157300648	0.0289	-1.49491893773869	0.1352	28757	1	
rs35746383	8	109387429	GA	G	0.00309520490730252	0.0415	0.074583250778374	0.9401	28757	1.01	
rs35791646	8	104508265	A	AT	0.0148984646619666	0.0227	0.656320029161525	0.5104	28757	0.999	
rs35794442	8	102390123	GATT	G	0.0395956428583544	0.0263	1.50553775126823	0.1313	28757	0.998	
rs35801015	8	109814987	T	C	0.0135007260538548	0.0243	0.555585434315013	0.5772	28757	0.994	
rs35816810	8	108595448	C	CT	0.0197045832743354	0.0246	0.800999320094936	0.4244	28757	0.993	
rs35832654	8	106256041	G	T	-0.0141001243787816	0.0244	-0.577873949950067	0.5643	28757	0.997	
rs35844553	8	109061127	T	G	-9.99950003332973e-05	0.0787	-0.00127058450232906	0.9995	28757	0.989	
rs36016728	8	104193998	T	C	0.0127003085782322	0.038	0.334218646795584	0.7384	28757	0.975	
rs36035759	8	102911364	CAT	C	-0.139296550686672	0.0833	-1.67222749923976	0.09437	28757	0.987	
rs36061340	8	101807230	C	T	-0.0499989570943217	0.0485	-1.03090633184168	0.3026	28757	0.996	
rs36082386	8	100261389	G	GT	-0.0114047880634385	0.0235	-0.485310130359087	0.6268	28757	1	
rs36102243	8	104482145	A	G	-0.0154007965760229	0.0227	-0.678449188371053	0.4982	28757	0.999	
rs36231712	8	108648841	T	TACACAC	-0.0316970867432546	0.0417	-0.760121984250709	0.4471	28757	0.919	
rs367458	8	106072814	G	A	-0.0152038337422728	0.0238	-0.638816543792974	0.5233	28757	0.99	
rs367769171	8	101064375	T	A	0.129596288171074	0.0972	1.33329514579294	0.1826	28757	0.915	
rs368729687	8	101126900	C	CAAAG	-0.01999864650669	0.0228	-0.877133618714472	0.3819	28757	0.999	
rs369770221	8	103804223	C	CTTCT	-0.0255024404124231	0.0333	-0.765839051424116	0.443	28757	0.952	
rs371032677	8	108857423	TAA	TAAA	-0.00900038219729905	0.0367	-0.24524202172477	0.8069	28757	0.955	
rs371268711	8	105757870	G	A	-0.0503983940836932	0.1012	-0.49800784667681	0.6187	28757	0.983	
rs371873262	8	105304619	A	G	0.0243022925229648	0.0333	0.729798574263208	0.4652	28757	0.999	
rs372150001	8	108087342	GT	G	-0.00759879787533051	0.023	-0.330382516318718	0.7398	28757	0.991	
rs372853910	8	108645073	T	C	0.0564010536507698	0.1175	0.480008967240594	0.6315	28757	0.956	
rs3735703	8	101488191	C	G	-0.0808977266559906	0.1232	-0.656637391688235	0.5113	28757	0.969	
rs373727909m	8	105937271	A	ATT	0.0338988850054592	0.0296	1.14523260153578	0.2529	28757	0.996	
rs374311924	8	104286667	T	TTTATTC	0.122704239975451	0.0668	1.83688981999179	0.06612	28757	0.983	
rs374758904	8	101671845	G	GT	-0.0754026560491867	0.031	-2.43234374352215	0.01486	28757	0.912	
rs375309145	8	103063034	A	AATTT	-0.0299026613543135	0.0514	-0.581763839578083	0.5614	28757	0.975	
rs375467394	8	100439548	C	T	-0.00349610425670889	0.0811	-0.0431085605019592	0.9652	28757	0.984	
rs377046245	8	105176418	TTC	T	0.0017983819413794	0.0251	0.071648682923482	0.9433	28757	0.999	
rs3779781	8	106786779	A	G	-0.0190964956909883	0.0429	-0.445139759696698	0.6568	28757	1	
rs378197	8	108597396	A	C	-0.0183015011699126	0.0243	-0.753148196292698	0.4525	28757	0.993	
rs3824237	8	109474026	C	T	-0.0122952780941516	0.0221	-0.556347425074735	0.5791	28757	0.996	
rs3847151	8	101809800	A	G	-0.0471030274686428	0.0492	-0.957378607086236	0.3384	28757	1	
rs3897874	8	107250284	G	A	0.0248973835545144	0.0413	0.602842216816329	0.5466	28757	0.993	
rs402658	8	109107822	G	A	0.000200020002667045	0.0251	0.00796892440904561	0.9924	28757	1	
rs403200	8	109103375	C	T	-0.0194986595340326	0.022	-0.886302706092391	0.3762	28757	1	
rs4036839	8	106801559	C	T	-0.0258041896815329	0.032	-0.806380927547903	0.4211	28757	0.978	
rs4131889	8	105114824	A	C	-0.0189002595004805	0.0272	-0.694862481635312	0.4864	28757	0.997	
rs418497	8	106129908	T	C	0.0282965991551138	0.0244	1.15969668668499	0.2458	28757	0.993	
rs4236784	8	108291718	C	G	0.024702368640342	0.028	0.882227451440787	0.3775	28757	0.989	
rs427145	8	109224500	A	G	-0.0473012731180131	0.0275	-1.72004629520048	0.08498	28757	0.99	
rs4298466	8	104565657	A	C	-0.0176041339483571	0.0225	-0.782405953260313	0.4364	28757	1	
rs4308706	8	108280438	G	T	-0.0185960172820726	0.0256	-0.726406925080961	0.4686	28757	0.976	
rs4319060	8	107904146	T	G	0.0267003518299564	0.0221	1.20816071628762	0.228	28757	0.998	
rs4348466	8	108157743	T	C	0.0197028322758684	0.0231	0.852936462158806	0.3932	28757	1	
rs4377934	8	101354529	C	A	-0.0087020272939009	0.0221	-0.393756891126738	0.6923	28757	0.997	
rs4425727	8	108330779	G	A	-9.99950003332973e-05	0.0284	-0.00352095071596117	0.9974	28757	0.969	
rs4437625	8	108135536	C	T	0.0246001168682327	0.0231	1.06494012416592	0.2868	28757	1	
rs4448250	8	107978035	T	C	-0.00389758572871345	0.0252	-0.154666100345772	0.8758	28757	0.997	
rs4570130	8	108490159	T	C	-0.12909657333441	0.0568	-2.27282699532412	0.02288	28757	0.988	
rs4588824	8	108887387	G	A	-0.0046989426564652	0.025	-0.187957706258608	0.8516	28757	0.995	
rs4593507	8	105923625	G	A	0.0313049258284153	0.1185	0.264176589269328	0.7916	28757	0.976	
rs4734045	8	102987402	C	T	0.0187038311937836	0.0237	0.789191189611123	0.4296	28757	0.996	
rs4734067	8	103950355	T	C	-0.016296487966892	0.0233	-0.699420084415966	0.4851	28757	0.991	
rs4734133m	8	107142923	C	G	0.0274011363479391	0.1012	0.270762216876868	0.7868	28757	0.897	
rs4734179	8	109549830	A	G	-0.00169855663558151	0.0241	-0.0704795284473656	0.943	28757	1	
rs4734439	8	100782832	C	T	0.0203047533403643	0.0544	0.373249142286108	0.7095	28757	1	
rs4734443	8	101012421	C	T	-0.00109939544330106	0.0225	-0.0488620197022695	0.9607	28757	0.997	
rs4734457	8	101504357	C	A	-0.100596184233562	0.0573	-1.75560530948625	0.07924	28757	0.916	
rs4734466	8	101607840	G	C	0.0135007260538548	0.0429	0.314702239017595	0.7524	28757	0.962	
rs4734518	8	102133330	G	A	0.00500249162279149	0.0271	0.184593786818874	0.8545	28757	0.968	
rs4734648	8	103635994	G	A	0.00559562635715987	0.0275	0.203477322078541	0.8383	28757	0.998	
rs4734668	8	103791669	C	T	-0.00580312922695012	0.0233	-0.249061340212452	0.8018	28757	0.991	
rs4734712	8	104497145	A	C	-0.0143958802837323	0.0227	-0.634179748182041	0.5264	28757	0.999	
rs4734790	8	105384515	G	A	0.0126002819757385	0.0234	0.538473588706772	0.5921	28757	0.985	
rs4734803	8	105633114	G	C	-0.00819631822448586	0.0349	-0.234851525056901	0.8132	28757	0.99	
rs4734805	8	105700583	T	C	-0.00659818402822712	0.0289	-0.22831086602862	0.8195	28757	0.999	
rs4734865	8	106458480	A	G	-0.0582972096102774	0.0526	-1.10831196977714	0.2673	28757	0.958	
rs4734899	8	107085364	T	A	-0.0396976268585458	0.0297	-1.33662043294767	0.1813	28757	1	
rs4734933	8	107888223	C	T	-0.00590254565261383	0.0303	-0.194803486884945	0.8443	28757	0.993	
rs4735014	8	108853012	G	C	-0.013202462677756	0.0233	-0.566629299474507	0.5706	28757	0.993	
rs4735065	8	109467444	C	T	-0.0129028853555234	0.0228	-0.565916024365061	0.5711	28757	0.994	
rs4735071	8	109575835	A	G	-0.0203966036652218	0.0234	-0.871649729282984	0.3845	28757	0.99	
rs4990669	8	105752294	T	C	0.0174005146801673	0.0284	0.612694178879131	0.5405	28757	0.973	
rs502216	8	102509319	T	C	-0.0256973671872587	0.055	-0.467224857950157	0.6401	28757	0.976	
rs503575	8	108967915	G	A	-0.0203966036652218	0.0232	-0.879163951087148	0.3793	28757	0.994	
rs504925	8	102296319	C	T	-0.0046989426564652	0.0224	-0.209774225735053	0.8348	28757	1	
rs515743	8	102520975	C	T	0.0311013012983478	0.0309	1.00651460512453	0.3131	28757	0.972	
rs522547	8	103930767	A	G	-0.0303973537275885	0.0224	-1.35702471998163	0.175	28757	0.993	
rs523474	8	103090417	C	T	0.0260965047212743	0.0291	0.896787103823858	0.3699	28757	0.978	
rs530646345	8	101063831	T	A	0.137000259334702	0.0926	1.47948444205942	0.139	28757	0.95	
rs530759741	8	103331345	C	T	0.0385017716536664	0.0544	0.707753155398279	0.4788	28757	1.01	
rs547675567	8	109692613	T	C	-0.146400726367197	0.1017	-1.43953516585248	0.1497	28757	0.993	
rs547820	8	102580052	C	T	-0.00660174363456248	0.0295	-0.223787919815677	0.8229	28757	0.979	
rs554232	8	102464584	A	C	0.029296631955588	0.027	1.08506044279956	0.2765	28757	0.996	
rs555477926	8	102904401	G	A	0.159898835531947	0.1243	1.28639449341872	0.1983	28757	0.884	
rs555808616	8	103146288	C	G	-0.0311013012983478	0.0284	-1.09511624289957	0.2734	28757	0.975	
rs55649874	8	104002311	A	G	0.0490011864330638	0.0361	1.35737358540343	0.175	28757	0.984	
rs55662685	8	101206915	G	A	0.00660174363456248	0.027	0.244509023502314	0.8074	28757	1.01	
rs55739474	8	107079699	T	G	0.00869771570319586	0.0252	0.345147448539518	0.7315	28757	0.993	
rs55780313	8	104115514	A	G	0.0542978034078492	0.0481	1.12885246170165	0.2582	28757	0.956	
rs55811614	8	106967630	C	T	0.0352023974087295	0.0224	1.57153559860399	0.115	28757	1	
rs55818461	8	101899229	T	C	-0.0385955177593629	0.0259	-1.49017443086343	0.1361	28757	0.996	
rs55872262	8	100628645	G	A	0.027196494688472	0.0505	0.538544449276672	0.5896	28757	0.991	
rs55882741	8	103765016	G	A	0.0534007767271153	0.0671	0.795838699360884	0.4265	28757	0.888	
rs56006114	8	104199985	C	G	0.0191012733024012	0.04	0.477531832560029	0.6333	28757	0.968	
rs560101910	8	100674969	C	A	0.0203047533403643	0.0544	0.373249142286108	0.7088	28757	0.999	
rs56115238	8	105787885	T	A	0.0236986067778773	0.0227	1.04399148801222	0.296	28757	0.99	
rs56117662	8	101521220	T	C	-0.221798647336155	0.1176	-1.88604291952513	0.05935	28757	0.843	
rs56239200	8	102294140	T	G	-0.0101978249764461	0.117	-0.087160897234582	0.9305	28757	0.943	
rs56252936	8	100222562	C	T	0.0393023164827424	0.0371	1.0593616302626	0.2886	28757	1	
rs56265177	8	100219121	A	C	0.00939572164036218	0.0271	0.34670559558532	0.7296	28757	1	
rs56281612	8	103059674	C	T	0.013004189135254	0.0261	0.498244794454178	0.6191	28757	0.996	
rs56336546	8	107806762	G	A	-0.0107025231331357	0.0283	-0.378181029439424	0.7052	28757	0.993	
rs56346553	8	103410559	C	G	0.0102018624845967	0.0312	0.326982771942203	0.7434	28757	1	
rs56352125	8	107041831	G	T	0.0346949697968869	0.0223	1.55582824201286	0.1201	28757	1	
rs56356799	8	104191433	A	C	0.0845997418661506	0.0346	2.44507924468643	0.01435	28757	0.98	
rs56402841	8	104167148	CTA	C	0.0209979909956055	0.0289	0.726574082892923	0.4676	28757	0.93	
rs566315	8	102891789	T	C	-0.00269636154774253	0.0267	-0.100987323885488	0.9199	28757	1	
rs566501423	8	104953083	G	A	0.0960044207338013	0.1815	0.528949976494773	0.5967	28757	0.869	
rs56717891m	8	109273515	C	CTT	0.00149887612373595	0.073	0.0205325496402185	0.9831	28757	0.987	
rs567939319	8	104467643	A	G	-0.0447986409079867	0.0389	-1.15163601305878	0.2496	28757	0.958	
rs569701	8	109239207	G	A	-0.0185960172820726	0.022	-0.845273512821482	0.3993	28757	1.01	
rs56999386	8	104678848	T	C	-0.043595744117646	0.0289	-1.50850325666595	0.1307	28757	1	
rs57190413	8	100552339	A	T	-0.0178988554877579	0.0298	-0.600632734488519	0.5476	28757	0.998	
rs57236783m	8	106861473	G	T	-0.0145960053074092	0.0442	-0.330226364421022	0.7411	28757	1	
rs57520778	8	105426694	A	G	0.00940408007529395	0.0329	0.28583830016091	0.7752	28757	0.994	
rs577704	8	104014359	A	G	-0.0267977123853779	0.023	-1.16511792979904	0.2452	28757	0.999	
rs57778378	8	104476625	T	TA	0.0341985075799122	0.0433	0.789803870205824	0.4285	28757	0.845	
rs57818188	8	100327565	CT	C	0.0178988554877579	0.0298	0.600632734488519	0.5493	28757	0.998	
rs57934167	8	105838341	A	C	0.0154994990469515	0.04	0.387487476173787	0.6978	28757	0.995	
rs57941757	8	107822287	AATAT	A	-0.00460056639556823	0.0274	-0.167903883049935	0.8657	28757	0.998	
rs58022537	8	106893279	G	C	0.0549948736289312	0.0381	1.44343500338402	0.1482	28757	1	
rs581610	8	103926036	G	A	-0.00750179107032261	0.0284	-0.264147572898684	0.7925	28757	1	
rs58211318	8	104638243	C	T	-0.0667984655384157	0.0701	-0.952902504114347	0.3409	28757	0.937	
rs58222876	8	106547203	C	T	-0.00860288880726785	0.0643	-0.133792983005721	0.8934	28757	0.966	
rs58446078	8	105861099	T	C	0.0217958123704574	0.0301	0.724113367789282	0.4696	28757	0.992	
rs584716	8	109178634	A	T	-0.0161980995687726	0.022	-0.736277253126025	0.4625	28757	1.01	
rs58488283	8	108925411	T	C	0.0180010511095525	0.0366	0.491831997528758	0.6215	28757	0.998	
rs58581718	8	105406892	T	C	0.00830438616361529	0.0334	0.248634316275907	0.8028	28757	1	
rs58596729	8	105400043	G	A	0.0128015918372089	0.0271	0.472383462627635	0.6349	28757	1.01	
rs58698169	8	106171832	C	T	-0.0377966226945664	0.0272	-1.389581716712	0.1645	28757	0.975	
rs5893479	8	100128429	A	AT	0.0320024161254944	0.034	0.941247533102775	0.3453	28757	0.855	
rs5893584	8	102771061	CT	C	-0.0159972768350078	0.0253	-0.632303432213746	0.5266	28757	1	
rs5893694	8	105715261	ATCTCTACC	A	-0.00220242355520004	0.0224	-0.0983224801428589	0.9229	28757	0.997	
rs5893853	8	108390160	AAT	A	0.00659818402822712	0.0222	0.297215496766988	0.7676	28757	0.995	
rs595183	8	109187166	T	G	-0.0161980995687726	0.022	-0.736277253126025	0.4623	28757	1.01	
rs59805840	8	108402186	G	A	0.00999983207833353	0.0267	0.374525546005001	0.7082	28757	1	
rs59815833	8	102510498	T	C	0.00290421314738983	0.044	0.0660048442588597	0.9476	28757	0.985	
rs599555	8	109179605	A	G	-0.0128964817350202	0.0356	-0.362260722893826	0.7164	28757	0.966	
rs60389438	8	103012459	C	T	0.0158042315449673	0.0368	0.429462813721938	0.6689	28757	0.986	
rs606338	8	102551921	T	A	0.0164953025291975	0.0305	0.54082959112123	0.5882	28757	0.971	
rs60751214	8	104286115	G	T	-0.0535028515173065	0.0511	-1.04702253458525	0.295	28757	0.983	
rs60817713m	8	100632114	G	GATAATA	0.0225048553400694	0.0335	0.671786726569236	0.5011	28757	1	
rs608337	8	102511718	G	A	-0.00120072057651888	0.0444	-0.0270432562279026	0.9782	28757	1	
rs61301281	8	104596866	T	G	-0.0439977464776452	0.0288	-1.52769953047379	0.1269	28757	1	
rs61528059	8	104001672	C	T	-0.0673034452096881	0.0969	-0.694565998035997	0.4872	28757	0.969	
rs615524	8	109247691	C	T	0	0.0262	0	0.9989	28757	1	
rs61563104	8	107304001	T	A	-0.0335024720540013	0.0239	-1.40177707338918	0.162	28757	0.995	
rs61607037	8	104183856	C	T	0.00280392733273426	0.0343	0.0817471525578501	0.9356	28757	0.982	
rs61638166	8	105899075	A	T	-0.0384992991506098	0.031	-1.24191287582612	0.2133	28757	0.993	
rs618854	8	102467706	C	T	0.0566020980240563	0.0219	2.58457068602997	0.009829	28757	0.996	
rs62513239	8	108450769	A	G	-0.125504261237137	0.0569	-2.20569879151383	0.02738	28757	0.99	
rs62513865	8	101592213	C	T	-0.0638007490506618	0.0456	-1.39913923356715	0.1618	28757	0.966	
rs62514472	8	108476547	G	A	-0.130703648321444	0.0568	-2.3011205690395	0.02135	28757	0.988	
rs62514883	8	107629265	C	T	-0.0889993995625818	0.0806	-1.10421091268712	0.2694	28757	0.992	
rs62514968	8	107755710	G	A	-0.0454990400712183	0.078	-0.583321026554081	0.5595	28757	0.998	
rs62514989	8	107786249	T	G	-0.0251022847608284	0.0774	-0.324318924558506	0.7462	28757	0.995	
rs62515035	8	101362845	T	C	0.0225012653465135	0.0305	0.737746404803723	0.4603	28757	0.999	
rs62515176	8	101528327	C	T	-0.0210959082947329	0.0424	-0.497545006951248	0.6181	28757	1	
rs62515498	8	102011802	T	G	-0.0469980831605826	0.0298	-1.57711688458331	0.1151	28757	0.975	
rs62517395	8	102684015	T	C	-0.00730326611012007	0.0271	-0.269493214395574	0.7879	28757	0.99	
rs62518280	8	107893922	A	G	0.0162005226717083	0.1034	0.156678168972034	0.8759	28757	0.988	
rs62518510	8	103026250	G	A	0.0649972930239685	0.118	0.550824517152276	0.5819	28757	0.853	
rs62523289	8	103586515	C	T	0.0698968513822572	0.084	0.8321053735983	0.4055	28757	0.863	
rs62524779	8	103490569	C	G	0.246796079979438	0.1535	1.60779205198331	0.108	28757	0.95	
rs62525334	8	104109252	G	A	0.105905108365964	0.0841	1.25927596154535	0.2082	28757	0.865	
rs62526082	8	107176819	C	A	0.0641012834065877	0.0375	1.709367557509	0.08711	28757	0.999	
rs62526099	8	107216823	A	T	0.0052035148315978	0.0433	0.12017355269279	0.9046	28757	0.993	
rs62526535	8	103935912	G	T	0.00190180728959633	0.0302	0.0629737513111368	0.9507	28757	0.981	
rs62527609	8	104156038	C	G	-0.0139029051689914	0.0636	-0.218599137877224	0.8274	28757	0.977	
rs62527645	8	104189122	G	A	0.0544033888793865	0.0305	1.78371766817661	0.07402	28757	0.993	
rs62537502	8	109539991	C	T	0.0674012815955113	0.0648	1.04014323449863	0.2981	28757	0.92	
rs636904	8	109197565	T	C	-0.0168964476597299	0.0223	-0.757688235862328	0.449	28757	1	
rs6468654	8	100062724	C	T	0.0109003744682883	0.0272	0.40074906133413	0.6871	28757	0.999	
rs6468655	8	100062897	G	A	0.0099998345783334	0.0272	0.36764097714461	0.7136	28757	0.996	
rs6468783	8	102681760	G	A	0.0919946821460059	0.0548	1.67873507565704	0.09322	28757	0.993	
rs6468810	8	103052656	T	C	0.015895669405385	0.0225	0.706474195794889	0.481	28757	1	
rs6468890	8	104768802	C	T	-0.0430020165445429	0.0252	-1.70642922795805	0.08809	28757	1	
rs6468965	8	105887850	C	T	-0.0421011760186353	0.0311	-1.35373556330017	0.1752	28757	0.993	
rs6468991	8	106285482	C	T	0.0688036036849463	0.0644	1.06837893920724	0.2849	28757	0.992	
rs6469007	8	106661090	C	G	0.0329994782631079	0.0263	1.25473301380638	0.2087	28757	0.991	
rs6469016	8	106816281	T	C	0.0068030886197391	0.076	0.0895143239439355	0.929	28757	0.992	
rs6469050	8	107218882	G	A	0.00719582798180243	0.0432	0.166570092171352	0.8675	28757	0.993	
rs6469131	8	108698283	G	A	0.00230264906267556	0.0236	0.0975698755370999	0.9224	28757	1	
rs656406	8	109173843	G	A	-0.0166014304974254	0.0221	-0.751195950109746	0.4537	28757	1	
rs656624	8	108974658	A	G	-0.0150019689183474	0.0232	-0.646636591308076	0.5186	28757	0.992	
rs657425	8	102455257	G	A	0.0329994782631079	0.0251	1.31472024952621	0.189	28757	0.989	
rs66462770	8	105798623	T	C	0.0244976316004002	0.0227	1.07919081940089	0.2814	28757	0.987	
rs66466526m	8	108744931	A	ATTT	-0.0048015088161939	0.0621	-0.0773189825474058	0.9388	28757	0.863	
rs66628676	8	109453978	GT	G	-0.0104039337153929	0.0221	-0.470766231465742	0.6386	28757	0.995	
rs669584	8	109138107	G	A	-0.0195967237465575	0.022	-0.890760170298068	0.3732	28757	1	
rs67001484	8	106278555	G	A	-0.0461008368826632	0.0277	-1.66429014016835	0.09536	28757	0.983	
rs67059252m	8	109309872	G	GTTTGT	0.0189002595004805	0.0287	0.658545627194442	0.5098	28757	0.995	
rs67220620	8	104716261	C	T	-0.0437010460710946	0.0289	-1.51214692287525	0.1299	28757	1	
rs67271971	8	104623912	T	TC	0.0414010268486756	0.0292	1.41784338522862	0.1558	28757	1	
rs67361726	8	104189421	GTT	G	0.0452027848308288	0.029	1.55871671830444	0.1183	28757	0.942	
rs676498	8	103934365	C	T	-0.0185000759845861	0.0252	-0.734129999388336	0.4625	28757	0.975	
rs678839	8	103912514	C	T	-0.0165030720990143	0.0248	-0.665446455605414	0.5067	28757	1	
rs68063068	8	109590065	C	T	0.0152050125429676	0.0326	0.466411427698393	0.6401	28757	0.865	
rs682660	8	102594609	T	G	-0.0355028330426552	0.0246	-1.44320459522989	0.1502	28757	0.983	
rs686630	8	109233239	G	C	-0.0184978548821194	0.022	-0.840811585550883	0.401	28757	1.01	
rs688791	8	103926197	C	T	-0.00750179107032261	0.0284	-0.264147572898684	0.7907	28757	0.999	
rs6980591	8	103144592	A	C	0.00920221076479949	0.0268	0.343366073313414	0.7315	28757	0.986	
rs6981446	8	108768390	C	T	0.0446960805488528	0.0398	1.12301709921741	0.2608	28757	0.98	
rs6981506	8	102607546	A	G	0.050903896528528	0.0317	1.6058011523195	0.1081	28757	0.99	
rs6984262	8	106030373	A	G	0.0032048589489113	0.0221	0.145016242032185	0.8854	28757	0.995	
rs6984657	8	105704547	G	T	-0.000700245114393426	0.0249	-0.02812229375074	0.9788	28757	0.994	
rs6985940	8	109752830	C	G	-0.00720398884850252	0.0243	-0.296460446440433	0.7672	28757	1	
rs6986076	8	101464003	C	G	0.0323992324466777	0.0501	0.646691266400752	0.5171	28757	0.987	
rs6986122	8	106136150	C	T	-0.0244976316004002	0.0244	-1.00400129509837	0.3159	28757	1.01	
rs6987298	8	104784673	A	G	-0.0372957847436969	0.0407	-0.916358347510981	0.3591	28757	1	
rs6987912	8	107322558	G	A	0.0312017511432645	0.0319	0.978111321105471	0.3288	28757	1	
rs6989511	8	103538189	T	A	0.000900405243164155	0.0269	0.0334723138722734	0.9738	28757	0.985	
rs6991677	8	105981846	G	A	0.00100050033358353	0.0296	0.0338006869453897	0.974	28757	0.987	
rs6991759	8	108675177	A	G	0.0178992398878318	0.0222	0.806272067019449	0.4188	28757	1	
rs6991912	8	105866733	A	C	0.089603015790748	0.032	2.80009424346088	0.005177	28757	0.998	
rs6993681	8	106514091	A	G	0.00379720024838503	0.0269	0.141159860534759	0.8873	28757	0.997	
rs6993873	8	105688762	G	C	0.000200020002667045	0.0236	0.00847542384182393	0.9941	28757	0.991	
rs6994682	8	101421798	T	C	0.0272992569378225	0.0404	0.67572418162927	0.4993	28757	0.994	
rs6995395	8	106917162	C	T	0.0527048164320283	0.0354	1.48883662237368	0.1368	28757	0.991	
rs6999047	8	102987742	A	G	0.0187955345843259	0.0237	0.793060530984216	0.4278	28757	0.995	
rs6999411	8	101393929	G	C	0.0390957053401303	0.0278	1.40632033597591	0.1593	28757	0.976	
rs7000040	8	108729675	A	G	0.00270365157431482	0.0236	0.114561507386221	0.9077	28757	1	
rs7001185	8	102021650	G	C	-0.0483996117232768	0.0507	-0.954627450163251	0.3399	28757	0.953	
rs7002547	8	102750032	T	C	-0.0188974371044634	0.0252	-0.749898297796167	0.4544	28757	0.994	
rs7002798	8	103537632	A	G	-0.0198026272961797	0.0273	-0.725370963230027	0.4676	28757	0.978	
rs7003194	8	106285266	C	G	0.0689000186550519	0.0644	1.06987606607223	0.2847	28757	0.991	
rs7003753	8	104625001	T	C	-0.0439977464776452	0.0288	-1.52769953047379	0.1267	28757	1	
rs7006703	8	101647129	T	A	-0.0310043588626902	0.0272	-1.13986613465773	0.2538	28757	0.998	
rs7008054	8	109954636	T	C	-0.0139029051689914	0.0412	-0.337449154587171	0.7357	28757	0.996	
rs7008763	8	101651427	G	A	-0.00610134885797624	0.0226	-0.269971188406028	0.7886	28757	0.988	
rs7008981	8	107421411	G	T	0.00830438616361529	0.0269	0.308713240283096	0.7585	28757	0.993	
rs7009594	8	105626773	A	G	-0.00259662584726591	0.0422	-0.0615314181816567	0.9502	28757	0.993	
rs7009713	8	100881854	G	C	0.0633019526702622	0.0292	2.16787509144734	0.03033	28757	0.998	
rs7010742	8	109020139	A	C	-0.0255020410123433	0.0537	-0.474898342874178	0.6344	28757	0.938	
rs7010919	8	103534890	T	C	0.0129028853555234	0.0221	0.583840966313276	0.5593	28757	0.995	
rs7010936	8	101632370	G	C	-0.0369007163483657	0.0398	-0.927153677094617	0.354	28757	0.968	
rs7014597	8	104152280	G	C	-0.0100988346774146	0.0303	-0.333294873842065	0.7387	28757	0.987	
rs7016076	8	101536334	T	A	-0.0703000168001571	0.023	-3.05652246957205	0.002284	28757	0.992	
rs702808	8	109252554	T	C	-0.020498669477346	0.0223	-0.919222846517759	0.3581	28757	1	
rs71305135	8	106238183	CT	C	0.023198814502523	0.0261	0.888843467529615	0.3726	28757	0.98	
rs714460	8	108197156	T	A	0.0114047182634362	0.0228	0.500206941378779	0.6167	28757	0.993	
rs71518884	8	103655675	T	C	-0.043097802902723	0.0517	-0.833613208950154	0.4044	28757	0.959	
rs71522762	8	106933017	G	A	-0.0603045706055095	0.056	-1.07686733224124	0.2821	28757	0.902	
rs71524778	8	109336303	G	A	-0.0112959597418516	0.0767	-0.147274572905496	0.883	28757	0.988	
rs72203865	8	108565422	C	CTGCTCACCATT	0.0193025022544974	0.0246	0.784654563190952	0.4326	28757	0.994	
rs723734	8	102127442	C	T	0.0389995348490096	0.0595	0.655454367210246	0.5125	28757	0.967	
rs72546438	8	108576593	AG	A	0.0183996828453635	0.0243	0.757188594459404	0.4491	28757	0.993	
rs72667204	8	103909204	G	A	-0.0267977123853779	0.0528	-0.507532431541248	0.6116	28757	0.997	
rs72670260	8	105932792	C	T	-0.0301993737308422	0.0307	-0.983692955402025	0.3263	28757	1	
rs72670434	8	108166508	A	T	0.0222047099881925	0.0231	0.96124285663171	0.3372	28757	0.998	
rs72670442	8	108177093	C	T	-0.0017983819413794	0.0652	-0.0275825451131809	0.9776	28757	0.96	
rs72673337	8	104222329	G	A	0.00230264906267556	0.0405	0.0568555324117422	0.9554	28757	0.981	
rs72673743	8	106567442	C	T	-0.0904986228071027	0.0642	-1.40963586926951	0.1588	28757	0.918	
rs72673745	8	106568090	G	A	-0.0837987219353288	0.0644	-1.30122239030014	0.1933	28757	0.917	
rs72673751	8	106578940	T	C	-0.0246048038572487	0.033	-0.745600116886325	0.4573	28757	0.967	
rs72673785	8	106667803	A	G	0.00490199517023158	0.0325	0.15083062062251	0.8815	28757	0.98	
rs72674684	8	100624637	G	A	-0.025696986087186	0.0346	-0.742687459167226	0.4573	28757	0.999	
rs72674688	8	100631643	G	T	0.0242004837056584	0.0522	0.463610798958973	0.6432	28757	0.979	
rs72675444	8	104409892	C	T	0.0302015087331214	0.0261	1.15714592847208	0.248	28757	0.996	
rs72676090	8	107165799	T	A	0.00579676884717745	0.0606	0.0956562516035883	0.9238	28757	0.936	
rs72676388	8	108766544	G	C	-0.0827958374084022	0.1026	-0.806976972791444	0.4196	28757	0.832	
rs72678308	8	108783698	C	T	0.0407003871263756	0.0257	1.58367265083174	0.113	28757	1.01	
rs72681362	8	104913932	G	A	-0.021497269010823	0.0275	-0.781718873120838	0.4332	28757	1	
rs72681453	8	101783532	A	G	0.00589735526608398	0.0486	0.121344758561399	0.9041	28757	0.94	
rs72683098	8	103619027	C	T	0.0319035490130083	0.0399	0.799587694561611	0.4237	28757	0.987	
rs72683185	8	105076997	C	A	-0.0187039847937718	0.0278	-0.672805208409056	0.501	28757	0.995	
rs72686513	8	107952387	A	G	-0.0291023874205329	0.0243	-1.19762911195609	0.2304	28757	0.984	
rs73273301	8	100973144	T	C	0.0021022080918702	0.0514	0.0408989901142062	0.9681	28757	0.986	
rs73279116	8	102522280	G	A	0.0377018671840115	0.0679	0.555255775905913	0.5788	28757	0.963	
rs73280899	8	102919284	T	C	0.120496714354067	0.084	1.43448469469127	0.1516	28757	0.99	
rs73284863	8	101375416	T	C	0.0900997775564454	0.1708	0.527516262040079	0.5977	28757	0.991	
rs73297652	8	108562740	A	T	0.0419997711602818	0.1145	0.366810228474077	0.7135	28757	0.975	
rs73299750	8	108597344	T	G	0.0421040660228114	0.1145	0.367721100635908	0.7131	28757	0.975	
rs73303185	8	107318956	G	A	0.0310985871020312	0.0319	0.974877338621669	0.3292	28757	1	
rs73307751	8	108172407	A	G	0.0168003386783461	0.024	0.700014111597754	0.484	28757	0.984	
rs73697224	8	105824169	T	C	0.0198048272985997	0.0401	0.493885967546128	0.6213	28757	0.997	
rs73699353	8	102414091	T	C	0.0329985112635755	0.0619	0.533093881479411	0.5935	28757	0.994	
rs73701145	8	107347250	A	G	-0.0994017977075785	0.0779	-1.27601794233092	0.2021	28757	0.964	
rs7388072	8	101870106	A	T	-0.0407963941925694	0.0239	-1.70696210010751	0.08723	28757	0.979	
rs7459739	8	107074993	A	T	-0.0418954871740363	0.0354	-1.18348833824961	0.237	28757	0.99	
rs7465106	8	107135723	T	C	-0.0486021818392175	0.0248	-1.95976539674264	0.05009	28757	0.993	
rs74676806	8	100784248	T	C	0.0408011614039327	0.0506	0.806347063318828	0.4207	28757	0.998	
rs74749112	8	109964318	G	A	-0.0941003573550956	0.0645	-1.45892026907125	0.1444	28757	0.991	
rs74761492	8	107059583	A	G	0.0214994661132367	0.038	0.565775424032544	0.5718	28757	0.992	
rs74775523	8	100697509	C	T	0.0187038311937836	0.0544	0.343820426356316	0.7307	28757	0.999	
rs74778431	8	108438485	G	A	0.0704975744133774	0.0555	1.2702265660068	0.204	28757	0.982	
rs74792602	8	100367055	G	A	-0.142601385598935	0.1416	-1.00707193219587	0.3141	28757	0.816	
rs74808754	8	109704317	T	C	-0.147100169000402	0.1017	-1.44641267453689	0.1481	28757	0.993	
rs74956590	8	105665556	A	T	-0.0274011363479391	0.0583	-0.470002338729658	0.6379	28757	0.99	
rs75148802	8	105080393	G	A	0.506999618932462	0.1621	3.12769660044702	0.001756	28757	0.998	
rs75167096	8	102782485	A	C	-0.0849016530863714	0.1062	-0.799450594033629	0.4238	28757	0.979	
rs75174356	8	102228080	G	A	0.0625032603532887	0.1476	0.423463823531766	0.6721	28757	0.965	
rs75257622	8	101531694	T	C	0.343096126219825	0.1562	2.19651809359683	0.02809	28757	0.887	
rs75272593	8	105932286	A	AT	0.00360349958962357	0.0244	0.147684409410802	0.8831	28757	0.997	
rs75531003	8	102422671	G	A	0.0570043080677942	0.0675	0.844508267671026	0.3978	28757	0.988	
rs75654101	8	100712959	G	A	0.0170037478161859	0.0544	0.312568893679887	0.7547	28757	1	
rs75656259	8	101775315	G	C	-0.119097726626919	0.192	-0.620300659515204	0.5352	28757	0.841	
rs75682659	8	105416803	G	A	0.0374007702544828	0.0247	1.51420122487785	0.13	28757	1	
rs75848936	8	103285119	A	T	0.0401035026973339	0.0545	0.735844086189613	0.4622	28757	1.01	
rs76183246	8	109682465	C	T	-0.146400726367197	0.1017	-1.43953516585248	0.1497	28757	0.993	
rs76479190	8	103182040	A	G	0.0435966737180782	0.0746	0.584405813915257	0.5587	28757	0.978	
rs76587431	8	103431781	A	T	-0.0172012073197748	0.0344	-0.500035096505082	0.6179	28757	0.975	
rs76630176	8	105834250	G	A	-0.101102463005078	0.1148	-0.880683475653991	0.3785	28757	0.829	
rs76748835	8	104779303	C	T	0.0435966737180782	0.0323	1.34974222037394	0.1766	28757	1	
rs76785414	8	102875298	G	T	0.085503423613941	0.1465	0.58364111681871	0.5594	28757	1.01	
rs76832975	8	106693355	A	G	-0.0274011363479391	0.1129	-0.242702713444987	0.8081	28757	0.83	
rs76866707	8	103278639	T	C	0.0408011614039327	0.0545	0.748645163374912	0.4541	28757	1.01	
rs76962340	8	107786195	T	A	-0.0141001243787816	0.0772	-0.182644098170746	0.855	28757	0.995	
rs76969429	8	100988375	A	G	-0.0733991495697677	0.0615	-1.19348210682549	0.2327	28757	0.986	
rs77000714	8	103997975	C	A	-0.122199933452574	0.1393	-0.877242881928024	0.3804	28757	0.843	
rs77027597	8	100578595	G	A	0.0201006717070029	0.0544	0.369497641672848	0.7111	28757	1	
rs77047292	8	109073622	A	G	-0.0042992284528324	0.0778	-0.0552600058204678	0.9562	28757	0.992	
rs77079350	8	107181984	A	G	0.115096647231076	0.0571	2.01570310387173	0.04378	28757	0.984	
rs77314830	8	103819470	A	G	0.0643038820008199	0.0897	0.716877168348048	0.4734	28757	0.964	
rs77368949	8	102982700	T	C	0.0555972801024095	0.0748	0.743279145754138	0.4573	28757	0.93	
rs77378490	8	100696292	T	C	0.0249999098013234	0.083	0.301203732546065	0.7636	28757	0.882	
rs77402257	8	100734192	G	C	0.00349610425670889	0.0561	0.0623191489609428	0.9505	28757	0.953	
rs77408577	8	101656200	A	T	0.00329542394979727	0.037	0.089065512156683	0.9297	28757	1	
rs77485341	8	104089846	C	T	-0.0295976364389436	0.089	-0.332557712797119	0.7392	28757	0.894	
rs77519446	8	102162237	G	A	0.031397792147416	0.1949	0.161096932516244	0.872	28757	0.823	
rs77619247	8	101636945	C	A	0.0505987987633697	0.1851	0.273359258581144	0.7845	28757	0.928	
rs776934	8	107692717	C	T	-0.0259949602770859	0.0222	-1.17094415662549	0.2415	28757	0.998	
rs77911605	8	100639034	C	T	0.0178992398878318	0.0544	0.329030144996907	0.7419	28757	1	
rs77916642	8	109549737	G	T	-0.0163021610829842	0.0224	-0.727775048347508	0.4661	28757	0.988	
rs77977958	8	109983973	T	A	-0.10509848132983	0.0643	-1.63450204245459	0.1024	28757	0.987	
rs78015094	8	104587409	C	T	-0.0099998345783334	0.0393	-0.254448717005939	0.7987	28757	1	
rs78121507	8	108711242	T	C	-0.0208968257129853	0.1714	-0.12191846973737	0.9027	28757	0.923	
rs7812466	8	109398145	A	G	-0.0194988734340555	0.0231	-0.84410707506734	0.3987	28757	0.997	
rs7812742	8	109576431	A	G	-0.0326988269632397	0.0241	-1.35679779930455	0.1759	28757	0.989	
rs7812797	8	106500941	G	A	0.0322959448008212	0.0365	0.88482040550195	0.3773	28757	0.937	
rs7812947	8	102725029	G	A	-0.032502530761974	0.0525	-0.6190958240376	0.5357	28757	0.982	
rs7813115	8	105531109	T	C	-0.0298014912367898	0.0233	-1.27903395866051	0.1995	28757	0.992	
rs7814225	8	102991783	A	G	0.0235962138551867	0.037	0.63773550959964	0.5238	28757	0.99	
rs7815977	8	100988066	T	A	-0.0418998134646779	0.0439	-0.954437664343461	0.3403	28757	0.986	
rs7816300	8	109787856	C	T	0.00739729263047472	0.024	0.30822052626978	0.7574	28757	1	
rs7816323	8	100272247	A	C	0.00919757235404205	0.0271	0.33939381380229	0.7333	28757	1	
rs7817957	8	104643740	C	T	-0.0441986870716702	0.0289	-1.52936633465987	0.1257	28757	1	
rs7818274	8	103197974	A	G	-0.0475989787992789	0.0609	-0.781592426917552	0.4343	28757	0.958	
rs7818840	8	108806072	T	C	0.00149887612373595	0.0224	0.0669141126667834	0.9456	28757	0.992	
rs7818918	8	107584162	T	C	0.0513962890834148	0.0236	2.17780885946673	0.02932	28757	0.992	
rs7819043	8	106989783	T	C	0.0328951617042694	0.0223	1.47511935893585	0.14	28757	1	
rs7819501	8	107006962	T	C	0.0418039122811836	0.022	1.90017783096289	0.05686	28757	1.01	
rs7819767	8	104172148	A	G	-0.00679684900027275	0.0226	-0.30074553098552	0.7649	28757	0.99	
rs7819944	8	106307524	C	T	-0.000599820071967549	0.0247	-0.0242842134399818	0.9814	28757	0.989	
rs7820627	8	109979698	G	A	-0.105503505434301	0.0642	-1.64335678246575	0.1003	28757	0.993	
rs7820852	8	101504838	C	T	-0.0147999386115992	0.0294	-0.503399272503375	0.614	28757	0.946	
rs7821200	8	102137549	G	A	-0.0471984218290006	0.0334	-1.41312640206589	0.1582	28757	1	
rs78216970	8	102773720	A	G	-0.0899960849805561	0.1	-0.899960849805561	0.3679	28757	0.98	
rs78221875	8	100690005	G	A	0.0262002485024742	0.0785	0.333761127420054	0.7381	28757	0.913	
rs7822188	8	102155365	A	G	0.0378991867540796	0.0333	1.13811371633873	0.2539	28757	0.984	
rs78248642	8	104676901	C	T	0.043595744117646	0.0289	1.50850325666595	0.1307	28757	1	
rs78250514	8	104817525	A	C	-0.0117012723076411	0.0767	-0.152558960986194	0.8791	28757	0.917	
rs7825842	8	104562698	A	C	-0.0437010460710946	0.0288	-1.51739743302412	0.1294	28757	1	
rs7826461	8	109782908	C	G	0.00859684722551828	0.024	0.358201967729928	0.7215	28757	0.999	
rs78273535	8	103209447	G	A	-0.00950468701424605	0.0441	-0.215525782635965	0.8292	28757	0.984	
rs7829696	8	108721831	G	A	0.00280392733273426	0.0236	0.118810480200604	0.9038	28757	1	
rs7829854	8	104804554	A	G	-0.0166997792224134	0.024	-0.695824134267226	0.4863	28757	0.99	
rs7831559	8	101655595	A	G	-0.00610134885797624	0.0225	-0.2711710603545	0.7875	28757	0.994	
rs7831664	8	103053291	A	G	0.0102018624845967	0.0227	0.449421254828049	0.6536	28757	1	
rs7832358	8	104817017	G	A	-0.0372957847436969	0.0407	-0.916358347510981	0.3592	28757	1	
rs78346206	8	100809716	T	C	0.0197028322758684	0.0544	0.362184416835817	0.7168	28757	1	
rs7835792	8	104534689	A	G	-0.0437010460710946	0.0288	-1.51739743302412	0.1294	28757	1	
rs7835801	8	101656126	A	G	-0.00550482063444496	0.0225	-0.244658694864221	0.8056	28757	0.994	
rs7835824	8	100576942	C	T	-0.0190964956909883	0.0298	-0.640822003053299	0.5211	28757	0.998	
rs7836133	8	106747160	C	T	0.0129028853555234	0.0228	0.565916024365061	0.5705	28757	1	
rs7836191	8	104162919	G	A	-0.0645978943749456	0.0265	-2.43765639150738	0.01488	28757	0.985	
rs7836467	8	106599492	A	G	-0.132697454733121	0.1538	-0.862792293453323	0.3883	28757	0.842	
rs7836609	8	106166797	T	A	-0.0277027118389473	0.0384	-0.721424787472585	0.4714	28757	0.909	
rs78372210	8	109940780	G	T	0.0527048164320283	0.054	0.976015119111636	0.3293	28757	0.997	
rs7837865	8	104577051	C	T	-0.0744022145744603	0.0684	-1.08775167506521	0.2768	28757	1.01	
rs7838046	8	108811860	A	G	-0.059701843246044	0.0381	-1.56697751301953	0.1167	28757	0.994	
rs7838119	8	101644243	G	A	-0.0622045495436565	0.0338	-1.84037128827386	0.06526	28757	1	
rs7838190	8	108736295	G	C	0.00349610425670889	0.0236	0.148140010877495	0.8827	28757	1	
rs7838911	8	108753860	C	T	0.00160128136697388	0.0221	0.0724561704513067	0.9423	28757	1	
rs7839328	8	104894110	G	C	-0.0225048553400694	0.0275	-0.818358376002524	0.414	28757	0.999	
rs7839884	8	102972179	G	A	0.00869771570319586	0.0227	0.383159282079113	0.7022	28757	0.995	
rs7841955	8	103945860	A	G	-0.0161980995687726	0.0233	-0.695197406385088	0.4878	28757	0.995	
rs7842137	8	108318092	C	T	-0.0481042146741464	0.0236	-2.0383141811079	0.04167	28757	0.991	
rs7842637	8	101606005	T	C	0.0589965728077175	0.0836	0.705700631671262	0.4803	28757	0.964	
rs7843425	8	108728614	T	A	0.00280392733273426	0.0236	0.118810480200604	0.9039	28757	1	
rs7844569	8	107345498	A	G	0.0196008476550609	0.0272	0.72061939908312	0.471	28757	0.999	
rs7844923	8	104527199	T	G	-0.0428966409523063	0.0289	-1.48431283571994	0.1375	28757	1	
rs7845707	8	105999557	A	G	0.0183982139464423	0.0596	0.308694864873194	0.7577	28757	0.979	
rs78603640	8	106117992	T	C	0.0442027026797326	0.0619	0.714098589333322	0.4747	28757	0.937	
rs78611056	8	106529846	G	A	0.0579999442979887	0.055	1.05454444178161	0.291	28757	0.98	
rs78643434	8	102678028	ATGAT	A	0.00590254565261383	0.0267	0.221069125566061	0.8242	28757	0.999	
rs78812801	8	104731627	A	G	-0.0758956590032571	0.0684	-1.10958565794236	0.2674	28757	1.01	
rs79067522	8	104690935	G	T	0.0169020380753563	0.0329	0.513739759129371	0.6074	28757	1	
rs79081250m	8	105187276	CAG	C	0.0392976332717761	0.0453	0.867497423218015	0.386	28757	0.923	
rs79097397	8	107357543	T	C	-0.0176041339483571	0.0435	-0.40469273444499	0.6866	28757	0.977	
rs79115923	8	101027843	C	T	-0.0251022847608284	0.0624	-0.402280204500455	0.687	28757	0.958	
rs79177469	8	101378699	G	A	0.16690500486702	0.1342	1.24370346398674	0.2135	28757	0.981	
rs79198538	8	103629798	G	A	-0.0456041418050158	0.0908	-0.502248257764491	0.6159	28757	0.915	
rs79270341	8	102100678	C	T	-0.0301023438164435	0.1162	-0.259056315115692	0.7952	28757	0.832	
rs79360484	8	104491649	C	A	-0.00929665190509457	0.0394	-0.235955632108999	0.8139	28757	1	
rs79469886	8	103057565	T	A	0.138595622790347	0.2478	0.559304369613992	0.5758	28757	0.82	
rs79526552	8	107768008	G	A	0.0596013954910886	0.1436	0.415051500634322	0.6779	28757	0.916	
rs79590432	8	105110031	T	G	-0.0200967016991224	0.13	-0.154590013070172	0.8768	28757	0.926	
rs79599144	8	103383049	G	A	0.0396976268585458	0.0544	0.729735787840915	0.4657	28757	1.01	
rs79614714	8	103667972	G	A	-0.0242046886968174	0.0576	-0.420220289875301	0.6741	28757	0.931	
rs79643588	8	106973048	G	A	0.026898543868701	0.0381	0.705998526737558	0.4797	28757	0.995	
rs79695641	8	103208343	G	T	0.0275048131221902	0.0443	0.620876142713096	0.5343	28757	1	
rs79801553	8	107037197	C	T	-0.238497080348057	0.2515	-0.948298530210963	0.343	28757	0.866	
rs79802045	8	101349133	G	A	-0.00929665190509457	0.0683	-0.136114962007241	0.8922	28757	0.968	
rs79849563	8	104603983	A	G	0.0181028726978536	0.0329	0.550239291728074	0.5823	28757	1.01	
rs79925204	8	104625145	T	A	0.157601627503517	0.1167	1.35048523996158	0.177	28757	0.83	
rs79983892	8	102412688	C	T	-0.0320024161254944	0.109	-0.293600147940315	0.7689	28757	0.945	
rs80100464	8	104646434	C	G	-0.0099998345783334	0.0393	-0.254448717005939	0.7984	28757	1	
rs80189950	8	104740751	G	C	-0.0755990028718877	0.0684	-1.10524857999836	0.2689	28757	1.01	
rs80318201	8	100782224	C	A	0.0198966317144566	0.0544	0.365746906515747	0.7142	28757	1	
rs827591	8	104364497	T	C	-0.0785995828126435	0.041	-1.91706299543033	0.05496	28757	0.975	
rs875503	8	105252879	G	A	0.0255024404124231	0.0239	1.06704771600096	0.2862	28757	0.997	
rs921333	8	106553488	G	C	-0.00380276033292786	0.0342	-0.11119182260023	0.9107	28757	0.997	
rs9297295	8	101382999	C	T	0.00460056639556823	0.0231	0.199158718422867	0.8407	28757	0.998	
rs9297348	8	105710019	T	C	0.000100005000333347	0.0267	0.00374550563046245	0.9964	28757	0.993	
rs9297357	8	106142333	C	T	-0.0198048272985997	0.0245	-0.80836029790203	0.4195	28757	1.01	
rs9297380	8	107333828	C	T	0.0106970095483354	0.0262	0.408282807188374	0.6828	28757	0.994	
rs9297415	8	109572560	C	T	-0.0326988269632397	0.0241	-1.35679779930455	0.1751	28757	0.989	
rs937294	8	108880205	A	G	-0.0037031349243813	0.025	-0.148125396975252	0.8826	28757	0.993	
rs958468	8	103737587	G	A	-0.225596540275276	0.1717	-1.31389947743318	0.1888	28757	0.851	
rs962451	8	101331010	C	T	-0.0335991726304121	0.0225	-1.49329656135165	0.1342	28757	1	
rs9643017	8	106255335	T	G	-0.00319509889654086	0.0224	-0.142638343595574	0.8864	28757	1	
rs9643029	8	108226806	A	C	-0.0301023438164435	0.0319	-0.9436471415813	0.346	28757	0.99	
rs968611	8	105995698	T	A	0.010302892995897	0.0333	0.309396186062974	0.7572	28757	0.992	
rs974759	8	103837912	C	T	-0.00840458234381038	0.0222	-0.378584790261729	0.7044	28757	1	
rs983166	8	108681675	A	C	0.0165969709073694	0.0222	0.747611302133758	0.4553	28757	1	
rs9987298	8	109329695	G	A	-0.00939572164036218	0.026	-0.361373909244699	0.719	28757	0.99	
